VC:cf32204 BD:May 26 2016 SN:US4300161200001274
                     Time,      [CH4]_ppm,   [CH4]_ppm_sd,      [H2O]_ppm,   [H2O]_ppm_sd,      [CO2]_ppm,   [CO2]_ppm_sd,     [CH4]d_ppm,  [CH4]d_ppm_sd,     [CO2]d_ppm,  [CO2]d_ppm_sd,      GasP_torr,   GasP_torr_sd,         GasT_C,      GasT_C_sd,         AmbT_C,      AmbT_C_sd,         RD0_us,      RD0_us_sd,         RD1_us,      RD1_us_sd,       Fit_Flag,      MIU_VALVE,       MIU_DESC
  27/02/2024 16:45:21.339,   1.836766e+00,   0.000000e+00,   1.673903e+04,   0.000000e+00,   6.027028e+02,   0.000000e+00,   1.868036e+00,   0.000000e+00,   6.129632e+02,   0.000000e+00,   1.400763e+02,   0.000000e+00,   3.330075e+01,   0.000000e+00,   3.191764e+01,   0.000000e+00,   7.631538e+00,   0.000000e+00,   9.479033e+00,   0.000000e+00,              3,              0,       1 meters
  27/02/2024 16:45:22.318,   1.835213e+00,   0.000000e+00,   1.666649e+04,   0.000000e+00,   5.985249e+02,   0.000000e+00,   1.866318e+00,   0.000000e+00,   6.086693e+02,   0.000000e+00,   1.400878e+02,   0.000000e+00,   3.329975e+01,   0.000000e+00,   3.191949e+01,   0.000000e+00,   7.635029e+00,   0.000000e+00,   9.478063e+00,   0.000000e+00,              3,              0,       1 meters
  27/02/2024 16:45:23.293,   1.836061e+00,   0.000000e+00,   1.669663e+04,   0.000000e+00,   5.905949e+02,   0.000000e+00,   1.867238e+00,   0.000000e+00,   6.006233e+02,   0.000000e+00,   1.400677e+02,   0.000000e+00,   3.329889e+01,   0.000000e+00,   3.192199e+01,   0.000000e+00,   7.634132e+00,   0.000000e+00,   9.484982e+00,   0.000000e+00,              3,              0,       1 meters
  27/02/2024 16:45:24.270,   1.831201e+00,   0.000000e+00,   1.650935e+04,   0.000000e+00,   5.813890e+02,   0.000000e+00,   1.861940e+00,   0.000000e+00,   5.911484e+02,   0.000000e+00,   1.400769e+02,   0.000000e+00,   3.329780e+01,   0.000000e+00,   3.192145e+01,   0.000000e+00,   7.639019e+00,   0.000000e+00,   9.468903e+00,   0.000000e+00,              3,              0,       1 meters
  27/02/2024 16:45:25.248,   1.834731e+00,   0.000000e+00,   1.658768e+04,   0.000000e+00,   5.720456e+02,   0.000000e+00,   1.865678e+00,   0.000000e+00,   5.816945e+02,   0.000000e+00,   1.400906e+02,   0.000000e+00,   3.329666e+01,   0.000000e+00,   3.192263e+01,   0.000000e+00,   7.632564e+00,   0.000000e+00,   9.482585e+00,   0.000000e+00,              3,              0,       1 meters
  27/02/2024 16:45:26.225,   1.839337e+00,   0.000000e+00,   1.670936e+04,   0.000000e+00,   5.629308e+02,   0.000000e+00,   1.870594e+00,   0.000000e+00,   5.724968e+02,   0.000000e+00,   1.400954e+02,   0.000000e+00,   3.329497e+01,   0.000000e+00,   3.192264e+01,   0.000000e+00,   7.629782e+00,   0.000000e+00,   9.491333e+00,   0.000000e+00,              3,              0,       1 meters
  27/02/2024 16:45:27.202,   1.835892e+00,   0.000000e+00,   1.660773e+04,   0.000000e+00,   5.538012e+02,   0.000000e+00,   1.866897e+00,   0.000000e+00,   5.631539e+02,   0.000000e+00,   1.401057e+02,   0.000000e+00,   3.329458e+01,   0.000000e+00,   3.192479e+01,   0.000000e+00,   7.635059e+00,   0.000000e+00,   9.481011e+00,   0.000000e+00,              3,              0,       1 meters
  27/02/2024 16:45:28.179,   1.831984e+00,   0.000000e+00,   1.648236e+04,   0.000000e+00,   5.438521e+02,   0.000000e+00,   1.862685e+00,   0.000000e+00,   5.529663e+02,   0.000000e+00,   1.401159e+02,   0.000000e+00,   3.329292e+01,   0.000000e+00,   3.192543e+01,   0.000000e+00,   7.637235e+00,   0.000000e+00,   9.479322e+00,   0.000000e+00,              3,              0,       1 meters
  27/02/2024 16:45:29.156,   1.837264e+00,   0.000000e+00,   1.656830e+04,   0.000000e+00,   5.345067e+02,   0.000000e+00,   1.868217e+00,   0.000000e+00,   5.435118e+02,   0.000000e+00,   1.401336e+02,   0.000000e+00,   3.329211e+01,   0.000000e+00,   3.192716e+01,   0.000000e+00,   7.634407e+00,   0.000000e+00,   9.485225e+00,   0.000000e+00,              3,              0,       1 meters
  27/02/2024 16:45:30.133,   1.837514e+00,   0.000000e+00,   1.657410e+04,   0.000000e+00,   5.263566e+02,   0.000000e+00,   1.868482e+00,   0.000000e+00,   5.352275e+02,   0.000000e+00,   1.401139e+02,   0.000000e+00,   3.329089e+01,   0.000000e+00,   3.192955e+01,   0.000000e+00,   7.631909e+00,   0.000000e+00,   9.486062e+00,   0.000000e+00,              3,              0,       1 meters
  27/02/2024 16:45:31.110,   1.837133e+00,   0.000000e+00,   1.649128e+04,   0.000000e+00,   5.196076e+02,   0.000000e+00,   1.867938e+00,   0.000000e+00,   5.283203e+02,   0.000000e+00,   1.401197e+02,   0.000000e+00,   3.328956e+01,   0.000000e+00,   3.193230e+01,   0.000000e+00,   7.635232e+00,   0.000000e+00,   9.483538e+00,   0.000000e+00,              3,              0,       1 meters
  27/02/2024 16:45:32.086,   1.836638e+00,   0.000000e+00,   1.643637e+04,   0.000000e+00,   5.136727e+02,   0.000000e+00,   1.867330e+00,   0.000000e+00,   5.222567e+02,   0.000000e+00,   1.400857e+02,   0.000000e+00,   3.328891e+01,   0.000000e+00,   3.193650e+01,   0.000000e+00,   7.630845e+00,   0.000000e+00,   9.479623e+00,   0.000000e+00,              3,              0,       1 meters
  27/02/2024 16:45:33.064,   1.830684e+00,   0.000000e+00,   1.631293e+04,   0.000000e+00,   5.095827e+02,   0.000000e+00,   1.861043e+00,   0.000000e+00,   5.180333e+02,   0.000000e+00,   1.400881e+02,   0.000000e+00,   3.328731e+01,   0.000000e+00,   3.193816e+01,   0.000000e+00,   7.638175e+00,   0.000000e+00,   9.469988e+00,   0.000000e+00,              3,              0,       1 meters
  27/02/2024 16:45:34.040,   1.838252e+00,   0.000000e+00,   1.647276e+04,   0.000000e+00,   5.018964e+02,   0.000000e+00,   1.869041e+00,   0.000000e+00,   5.103024e+02,   0.000000e+00,   1.400677e+02,   0.000000e+00,   3.328610e+01,   0.000000e+00,   3.193837e+01,   0.000000e+00,   7.632617e+00,   0.000000e+00,   9.490172e+00,   0.000000e+00,              3,              0,       1 meters
  27/02/2024 16:45:35.017,   1.836321e+00,   0.000000e+00,   1.635457e+04,   0.000000e+00,   4.969843e+02,   0.000000e+00,   1.866852e+00,   0.000000e+00,   5.052474e+02,   0.000000e+00,   1.400819e+02,   0.000000e+00,   3.328463e+01,   0.000000e+00,   3.193854e+01,   0.000000e+00,   7.634226e+00,   0.000000e+00,   9.476352e+00,   0.000000e+00,              3,              0,       1 meters
  27/02/2024 16:45:35.994,   1.837389e+00,   0.000000e+00,   1.634397e+04,   0.000000e+00,   4.923605e+02,   0.000000e+00,   1.867918e+00,   0.000000e+00,   5.005413e+02,   0.000000e+00,   1.400896e+02,   0.000000e+00,   3.328277e+01,   0.000000e+00,   3.193716e+01,   0.000000e+00,   7.632074e+00,   0.000000e+00,   9.482255e+00,   0.000000e+00,              3,              0,       1 meters
  27/02/2024 16:45:36.971,   1.834134e+00,   0.000000e+00,   1.629527e+04,   0.000000e+00,   4.888985e+02,   0.000000e+00,   1.864517e+00,   0.000000e+00,   4.969972e+02,   0.000000e+00,   1.401006e+02,   0.000000e+00,   3.328082e+01,   0.000000e+00,   3.193830e+01,   0.000000e+00,   7.637835e+00,   0.000000e+00,   9.477999e+00,   0.000000e+00,              3,              0,       1 meters
  27/02/2024 16:45:37.948,   1.835888e+00,   0.000000e+00,   1.626332e+04,   0.000000e+00,   4.865622e+02,   0.000000e+00,   1.866239e+00,   0.000000e+00,   4.946062e+02,   0.000000e+00,   1.401341e+02,   0.000000e+00,   3.328017e+01,   0.000000e+00,   3.194103e+01,   0.000000e+00,   7.634130e+00,   0.000000e+00,   9.480839e+00,   0.000000e+00,              3,              0,       1 meters
  27/02/2024 16:45:38.925,   1.836677e+00,   0.000000e+00,   1.635938e+04,   0.000000e+00,   4.839497e+02,   0.000000e+00,   1.867223e+00,   0.000000e+00,   4.919984e+02,   0.000000e+00,   1.401168e+02,   0.000000e+00,   3.327890e+01,   0.000000e+00,   3.194373e+01,   0.000000e+00,   7.636159e+00,   0.000000e+00,   9.481085e+00,   0.000000e+00,              3,              0,       1 meters
  27/02/2024 16:45:39.901,   1.834224e+00,   0.000000e+00,   1.626155e+04,   0.000000e+00,   4.853478e+02,   0.000000e+00,   1.864544e+00,   0.000000e+00,   4.933707e+02,   0.000000e+00,   1.401298e+02,   0.000000e+00,   3.327759e+01,   0.000000e+00,   3.194768e+01,   0.000000e+00,   7.635905e+00,   0.000000e+00,   9.477233e+00,   0.000000e+00,              3,              0,       1 meters
  27/02/2024 16:45:40.879,   1.834976e+00,   0.000000e+00,   1.632571e+04,   0.000000e+00,   4.864638e+02,   0.000000e+00,   1.865431e+00,   0.000000e+00,   4.945375e+02,   0.000000e+00,   1.401112e+02,   0.000000e+00,   3.327638e+01,   0.000000e+00,   3.195068e+01,   0.000000e+00,   7.638039e+00,   0.000000e+00,   9.483386e+00,   0.000000e+00,              3,              0,       1 meters
  27/02/2024 16:45:41.854,   1.836712e+00,   0.000000e+00,   1.636209e+04,   0.000000e+00,   4.876849e+02,   0.000000e+00,   1.867264e+00,   0.000000e+00,   4.957971e+02,   0.000000e+00,   1.400903e+02,   0.000000e+00,   3.327546e+01,   0.000000e+00,   3.195298e+01,   0.000000e+00,   7.636721e+00,   0.000000e+00,   9.486486e+00,   0.000000e+00,              3,              0,       1 meters
  27/02/2024 16:45:42.831,   1.836939e+00,   0.000000e+00,   1.651295e+04,   0.000000e+00,   4.884419e+02,   0.000000e+00,   1.867782e+00,   0.000000e+00,   4.966429e+02,   0.000000e+00,   1.400749e+02,   0.000000e+00,   3.327438e+01,   0.000000e+00,   3.195624e+01,   0.000000e+00,   7.629546e+00,   0.000000e+00,   9.487032e+00,   0.000000e+00,              3,              0,       1 meters
  27/02/2024 16:45:43.808,   1.834405e+00,   0.000000e+00,   1.642850e+04,   0.000000e+00,   4.893799e+02,   0.000000e+00,   1.865044e+00,   0.000000e+00,   4.975540e+02,   0.000000e+00,   1.400853e+02,   0.000000e+00,   3.327325e+01,   0.000000e+00,   3.195816e+01,   0.000000e+00,   7.638915e+00,   0.000000e+00,   9.484128e+00,   0.000000e+00,              3,              0,       1 meters
  27/02/2024 16:45:44.785,   1.835481e+00,   0.000000e+00,   1.643956e+04,   0.000000e+00,   4.912859e+02,   0.000000e+00,   1.866160e+00,   0.000000e+00,   4.994974e+02,   0.000000e+00,   1.400871e+02,   0.000000e+00,   3.327185e+01,   0.000000e+00,   3.196066e+01,   0.000000e+00,   7.634132e+00,   0.000000e+00,   9.485066e+00,   0.000000e+00,              3,              0,       1 meters
  27/02/2024 16:45:45.762,   1.835858e+00,   0.000000e+00,   1.647789e+04,   0.000000e+00,   5.001011e+02,   0.000000e+00,   1.866616e+00,   0.000000e+00,   5.084797e+02,   0.000000e+00,   1.400959e+02,   0.000000e+00,   3.327040e+01,   0.000000e+00,   3.196442e+01,   0.000000e+00,   7.642872e+00,   0.000000e+00,   9.483846e+00,   0.000000e+00,              3,              0,       1 meters
  27/02/2024 16:45:46.739,   1.837648e+00,   0.000000e+00,   1.662412e+04,   0.000000e+00,   5.339383e+02,   0.000000e+00,   1.868714e+00,   0.000000e+00,   5.429646e+02,   0.000000e+00,   1.401078e+02,   0.000000e+00,   3.326880e+01,   0.000000e+00,   3.196571e+01,   0.000000e+00,   7.637961e+00,   0.000000e+00,   9.493458e+00,   0.000000e+00,              3,              0,       1 meters
  27/02/2024 16:45:47.716,   1.834608e+00,   0.000000e+00,   1.660448e+04,   0.000000e+00,   5.790921e+02,   0.000000e+00,   1.865585e+00,   0.000000e+00,   5.888700e+02,   0.000000e+00,   1.401185e+02,   0.000000e+00,   3.326675e+01,   0.000000e+00,   3.196618e+01,   0.000000e+00,   7.637700e+00,   0.000000e+00,   9.490973e+00,   0.000000e+00,              3,              0,       1 meters
  27/02/2024 16:45:48.693,   1.834859e+00,   0.000000e+00,   1.667209e+04,   0.000000e+00,   6.413407e+02,   0.000000e+00,   1.865969e+00,   0.000000e+00,   6.522144e+02,   0.000000e+00,   1.401332e+02,   0.000000e+00,   3.326613e+01,   0.000000e+00,   3.196885e+01,   0.000000e+00,   7.636238e+00,   0.000000e+00,   9.484277e+00,   0.000000e+00,              3,              0,       1 meters
  27/02/2024 16:45:49.670,   1.837422e+00,   0.000000e+00,   1.675529e+04,   0.000000e+00,   7.512449e+02,   0.000000e+00,   1.868733e+00,   0.000000e+00,   7.640467e+02,   0.000000e+00,   1.401139e+02,   0.000000e+00,   3.326487e+01,   0.000000e+00,   3.197314e+01,   0.000000e+00,   7.633983e+00,   0.000000e+00,   9.485713e+00,   0.000000e+00,              3,              0,       1 meters
  27/02/2024 16:45:50.647,   1.834499e+00,   0.000000e+00,   1.686450e+04,   0.000000e+00,   8.251619e+02,   0.000000e+00,   1.865968e+00,   0.000000e+00,   8.393166e+02,   0.000000e+00,   1.401139e+02,   0.000000e+00,   3.326371e+01,   0.000000e+00,   3.197534e+01,   0.000000e+00,   7.634285e+00,   0.000000e+00,   9.478166e+00,   0.000000e+00,              3,              0,       1 meters
  27/02/2024 16:45:51.624,   1.834295e+00,   0.000000e+00,   1.687310e+04,   0.000000e+00,   8.599078e+02,   0.000000e+00,   1.865777e+00,   0.000000e+00,   8.746661e+02,   0.000000e+00,   1.400752e+02,   0.000000e+00,   3.326261e+01,   0.000000e+00,   3.197983e+01,   0.000000e+00,   7.636764e+00,   0.000000e+00,   9.478865e+00,   0.000000e+00,              3,              0,       1 meters
  27/02/2024 16:45:52.600,   1.834822e+00,   0.000000e+00,   1.703245e+04,   0.000000e+00,   8.985510e+02,   0.000000e+00,   1.866615e+00,   0.000000e+00,   9.141207e+02,   0.000000e+00,   1.400850e+02,   0.000000e+00,   3.326108e+01,   0.000000e+00,   3.198183e+01,   0.000000e+00,   7.636934e+00,   0.000000e+00,   9.479078e+00,   0.000000e+00,              3,              0,       1 meters
  27/02/2024 16:45:53.577,   1.833866e+00,   0.000000e+00,   1.703651e+04,   0.000000e+00,   9.432952e+02,   0.000000e+00,   1.865651e+00,   0.000000e+00,   9.596442e+02,   0.000000e+00,   1.400680e+02,   0.000000e+00,   3.325976e+01,   0.000000e+00,   3.198455e+01,   0.000000e+00,   7.636648e+00,   0.000000e+00,   9.470389e+00,   0.000000e+00,              3,              0,       1 meters
  27/02/2024 16:45:54.554,   1.832659e+00,   0.000000e+00,   1.711606e+04,   0.000000e+00,   9.222609e+02,   0.000000e+00,   1.864573e+00,   0.000000e+00,   9.383213e+02,   0.000000e+00,   1.400945e+02,   0.000000e+00,   3.325828e+01,   0.000000e+00,   3.198650e+01,   0.000000e+00,   7.634818e+00,   0.000000e+00,   9.474091e+00,   0.000000e+00,              3,              0,       1 meters
  27/02/2024 16:45:55.533,   1.832423e+00,   0.000000e+00,   1.703483e+04,   0.000000e+00,   9.031449e+02,   0.000000e+00,   1.864179e+00,   0.000000e+00,   9.187964e+02,   0.000000e+00,   1.401082e+02,   0.000000e+00,   3.325683e+01,   0.000000e+00,   3.198931e+01,   0.000000e+00,   7.638306e+00,   0.000000e+00,   9.477989e+00,   0.000000e+00,              3,              0,       1 meters
  27/02/2024 16:45:56.509,   1.836221e+00,   0.000000e+00,   1.712656e+04,   0.000000e+00,   8.748996e+02,   0.000000e+00,   1.868217e+00,   0.000000e+00,   8.901447e+02,   0.000000e+00,   1.401245e+02,   0.000000e+00,   3.325544e+01,   0.000000e+00,   3.199010e+01,   0.000000e+00,   7.637902e+00,   0.000000e+00,   9.481621e+00,   0.000000e+00,              3,              0,       1 meters
  27/02/2024 16:45:57.485,   1.834486e+00,   0.000000e+00,   1.698492e+04,   0.000000e+00,   8.403230e+02,   0.000000e+00,   1.866183e+00,   0.000000e+00,   8.548425e+02,   0.000000e+00,   1.401307e+02,   0.000000e+00,   3.325290e+01,   0.000000e+00,   3.199303e+01,   0.000000e+00,   7.635140e+00,   0.000000e+00,   9.476622e+00,   0.000000e+00,              3,              0,       1 meters
  27/02/2024 16:45:58.463,   1.832442e+00,   0.000000e+00,   1.680974e+04,   0.000000e+00,   8.031576e+02,   0.000000e+00,   1.863771e+00,   0.000000e+00,   8.168893e+02,   0.000000e+00,   1.401108e+02,   0.000000e+00,   3.325211e+01,   0.000000e+00,   3.199596e+01,   0.000000e+00,   7.638197e+00,   0.000000e+00,   9.474891e+00,   0.000000e+00,              3,              0,       1 meters
  27/02/2024 16:45:59.440,   1.838291e+00,   0.000000e+00,   1.692091e+04,   0.000000e+00,   7.654919e+02,   0.000000e+00,   1.869932e+00,   0.000000e+00,   7.786676e+02,   0.000000e+00,   1.401131e+02,   0.000000e+00,   3.325183e+01,   0.000000e+00,   3.199832e+01,   0.000000e+00,   7.633191e+00,   0.000000e+00,   9.488123e+00,   0.000000e+00,              3,              0,       1 meters
  27/02/2024 16:46:00.416,   1.828474e+00,   0.000000e+00,   1.666457e+04,   0.000000e+00,   7.335679e+02,   0.000000e+00,   1.859461e+00,   0.000000e+00,   7.459996e+02,   0.000000e+00,   1.400979e+02,   0.000000e+00,   3.324973e+01,   0.000000e+00,   3.199953e+01,   0.000000e+00,   7.640339e+00,   0.000000e+00,   9.469437e+00,   0.000000e+00,              3,              0,       1 meters
  27/02/2024 16:46:01.392,   1.832319e+00,   0.000000e+00,   1.668682e+04,   0.000000e+00,   7.035931e+02,   0.000000e+00,   1.863414e+00,   0.000000e+00,   7.155330e+02,   0.000000e+00,   1.400838e+02,   0.000000e+00,   3.324826e+01,   0.000000e+00,   3.200306e+01,   0.000000e+00,   7.641759e+00,   0.000000e+00,   9.473460e+00,   0.000000e+00,              3,              0,       1 meters
  27/02/2024 16:46:02.369,   1.840530e+00,   0.000000e+00,   1.684020e+04,   0.000000e+00,   6.758354e+02,   0.000000e+00,   1.872056e+00,   0.000000e+00,   6.874116e+02,   0.000000e+00,   1.400705e+02,   0.000000e+00,   3.324718e+01,   0.000000e+00,   3.200696e+01,   0.000000e+00,   7.631485e+00,   0.000000e+00,   9.495031e+00,   0.000000e+00,              3,              0,       1 meters
  27/02/2024 16:46:03.348,   1.834763e+00,   0.000000e+00,   1.681949e+04,   0.000000e+00,   6.526813e+02,   0.000000e+00,   1.866151e+00,   0.000000e+00,   6.638469e+02,   0.000000e+00,   1.400840e+02,   0.000000e+00,   3.324539e+01,   0.000000e+00,   3.200629e+01,   0.000000e+00,   7.637948e+00,   0.000000e+00,   9.484293e+00,   0.000000e+00,              3,              0,       1 meters
  27/02/2024 16:46:04.325,   1.833517e+00,   0.000000e+00,   1.669128e+04,   0.000000e+00,   6.297598e+02,   0.000000e+00,   1.864641e+00,   0.000000e+00,   6.404497e+02,   0.000000e+00,   1.400871e+02,   0.000000e+00,   3.324421e+01,   0.000000e+00,   3.201051e+01,   0.000000e+00,   7.637837e+00,   0.000000e+00,   9.474750e+00,   0.000000e+00,              3,              0,       1 meters
  27/02/2024 16:46:05.301,   1.834344e+00,   0.000000e+00,   1.662114e+04,   0.000000e+00,   6.101151e+02,   0.000000e+00,   1.865348e+00,   0.000000e+00,   6.204273e+02,   0.000000e+00,   1.401269e+02,   0.000000e+00,   3.324243e+01,   0.000000e+00,   3.201019e+01,   0.000000e+00,   7.636257e+00,   0.000000e+00,   9.470444e+00,   0.000000e+00,              3,              0,       1 meters
  27/02/2024 16:46:06.278,   1.836953e+00,   0.000000e+00,   1.663925e+04,   0.000000e+00,   5.928978e+02,   0.000000e+00,   1.868036e+00,   0.000000e+00,   6.029302e+02,   0.000000e+00,   1.401250e+02,   0.000000e+00,   3.324087e+01,   0.000000e+00,   3.201009e+01,   0.000000e+00,   7.635569e+00,   0.000000e+00,   9.480566e+00,   0.000000e+00,              3,              0,       1 meters
  27/02/2024 16:46:07.255,   1.834492e+00,   0.000000e+00,   1.635685e+04,   0.000000e+00,   5.792475e+02,   0.000000e+00,   1.864997e+00,   0.000000e+00,   5.888797e+02,   0.000000e+00,   1.401355e+02,   0.000000e+00,   3.323921e+01,   0.000000e+00,   3.201253e+01,   0.000000e+00,   7.639272e+00,   0.000000e+00,   9.482887e+00,   0.000000e+00,              3,              0,       1 meters
  27/02/2024 16:46:08.231,   1.837274e+00,   0.000000e+00,   1.652835e+04,   0.000000e+00,   5.706246e+02,   0.000000e+00,   1.868151e+00,   0.000000e+00,   5.802146e+02,   0.000000e+00,   1.400990e+02,   0.000000e+00,   3.323776e+01,   0.000000e+00,   3.201591e+01,   0.000000e+00,   7.630452e+00,   0.000000e+00,   9.488614e+00,   0.000000e+00,              3,              0,       1 meters
  27/02/2024 16:46:09.209,   1.836453e+00,   0.000000e+00,   1.638975e+04,   0.000000e+00,   5.642793e+02,   0.000000e+00,   1.867054e+00,   0.000000e+00,   5.736818e+02,   0.000000e+00,   1.400948e+02,   0.000000e+00,   3.323635e+01,   0.000000e+00,   3.201737e+01,   0.000000e+00,   7.636950e+00,   0.000000e+00,   9.482956e+00,   0.000000e+00,              3,              0,       1 meters
  27/02/2024 16:46:10.185,   1.838338e+00,   0.000000e+00,   1.642478e+04,   0.000000e+00,   5.554560e+02,   0.000000e+00,   1.869037e+00,   0.000000e+00,   5.647316e+02,   0.000000e+00,   1.400779e+02,   0.000000e+00,   3.323557e+01,   0.000000e+00,   3.201914e+01,   0.000000e+00,   7.634339e+00,   0.000000e+00,   9.487318e+00,   0.000000e+00,              3,              0,       1 meters
  27/02/2024 16:46:11.162,   1.838398e+00,   0.000000e+00,   1.649780e+04,   0.000000e+00,   5.482380e+02,   0.000000e+00,   1.869237e+00,   0.000000e+00,   5.574344e+02,   0.000000e+00,   1.400741e+02,   0.000000e+00,   3.323402e+01,   0.000000e+00,   3.202012e+01,   0.000000e+00,   7.633106e+00,   0.000000e+00,   9.485721e+00,   0.000000e+00,              3,              0,       1 meters
  27/02/2024 16:46:12.139,   1.837520e+00,   0.000000e+00,   1.645530e+04,   0.000000e+00,   5.423067e+02,   0.000000e+00,   1.868263e+00,   0.000000e+00,   5.513798e+02,   0.000000e+00,   1.400885e+02,   0.000000e+00,   3.323251e+01,   0.000000e+00,   3.202107e+01,   0.000000e+00,   7.631371e+00,   0.000000e+00,   9.485472e+00,   0.000000e+00,              3,              0,       1 meters
  27/02/2024 16:46:13.116,   1.833183e+00,   0.000000e+00,   1.637374e+04,   0.000000e+00,   5.385867e+02,   0.000000e+00,   1.863699e+00,   0.000000e+00,   5.475522e+02,   0.000000e+00,   1.401033e+02,   0.000000e+00,   3.323217e+01,   0.000000e+00,   3.202146e+01,   0.000000e+00,   7.641748e+00,   0.000000e+00,   9.479681e+00,   0.000000e+00,              3,              0,       1 meters
  27/02/2024 16:46:14.093,   1.834155e+00,   0.000000e+00,   1.644760e+04,   0.000000e+00,   5.345371e+02,   0.000000e+00,   1.864827e+00,   0.000000e+00,   5.434760e+02,   0.000000e+00,   1.401357e+02,   0.000000e+00,   3.322926e+01,   0.000000e+00,   3.202227e+01,   0.000000e+00,   7.638739e+00,   0.000000e+00,   9.480701e+00,   0.000000e+00,              3,              0,       1 meters
  27/02/2024 16:46:15.070,   1.838920e+00,   0.000000e+00,   1.647232e+04,   0.000000e+00,   5.304384e+02,   0.000000e+00,   1.869718e+00,   0.000000e+00,   5.393223e+02,   0.000000e+00,   1.401200e+02,   0.000000e+00,   3.322772e+01,   0.000000e+00,   3.202419e+01,   0.000000e+00,   7.635590e+00,   0.000000e+00,   9.487980e+00,   0.000000e+00,              3,              0,       1 meters
  27/02/2024 16:46:16.047,   1.834938e+00,   0.000000e+00,   1.630354e+04,   0.000000e+00,   5.305620e+02,   0.000000e+00,   1.865350e+00,   0.000000e+00,   5.393554e+02,   0.000000e+00,   1.401256e+02,   0.000000e+00,   3.322618e+01,   0.000000e+00,   3.202538e+01,   0.000000e+00,   7.639038e+00,   0.000000e+00,   9.480298e+00,   0.000000e+00,              3,              0,       1 meters
  27/02/2024 16:46:17.024,   1.837974e+00,   0.000000e+00,   1.640334e+04,   0.000000e+00,   5.322502e+02,   0.000000e+00,   1.868626e+00,   0.000000e+00,   5.411265e+02,   0.000000e+00,   1.401071e+02,   0.000000e+00,   3.322521e+01,   0.000000e+00,   3.202807e+01,   0.000000e+00,   7.637759e+00,   0.000000e+00,   9.483125e+00,   0.000000e+00,              3,              0,       1 meters
  27/02/2024 16:46:18.001,   1.837110e+00,   0.000000e+00,   1.638662e+04,   0.000000e+00,   5.326038e+02,   0.000000e+00,   1.867715e+00,   0.000000e+00,   5.414768e+02,   0.000000e+00,   1.400887e+02,   0.000000e+00,   3.322367e+01,   0.000000e+00,   3.203166e+01,   0.000000e+00,   7.637950e+00,   0.000000e+00,   9.480210e+00,   0.000000e+00,              3,              0,       1 meters
  27/02/2024 16:46:18.978,   1.832022e+00,   0.000000e+00,   1.630008e+04,   0.000000e+00,   5.307260e+02,   0.000000e+00,   1.862379e+00,   0.000000e+00,   5.395202e+02,   0.000000e+00,   1.400686e+02,   0.000000e+00,   3.322188e+01,   0.000000e+00,   3.203294e+01,   0.000000e+00,   7.642005e+00,   0.000000e+00,   9.477341e+00,   0.000000e+00,              3,              0,       1 meters
  27/02/2024 16:46:19.954,   1.832212e+00,   0.000000e+00,   1.626826e+04,   0.000000e+00,   5.307586e+02,   0.000000e+00,   1.862511e+00,   0.000000e+00,   5.395359e+02,   0.000000e+00,   1.400824e+02,   0.000000e+00,   3.322029e+01,   0.000000e+00,   3.203441e+01,   0.000000e+00,   7.641465e+00,   0.000000e+00,   9.476723e+00,   0.000000e+00,              3,              0,       1 meters
  27/02/2024 16:46:20.931,   1.834843e+00,   0.000000e+00,   1.635229e+04,   0.000000e+00,   5.294012e+02,   0.000000e+00,   1.865346e+00,   0.000000e+00,   5.382021e+02,   0.000000e+00,   1.401048e+02,   0.000000e+00,   3.321933e+01,   0.000000e+00,   3.203501e+01,   0.000000e+00,   7.639449e+00,   0.000000e+00,   9.480734e+00,   0.000000e+00,              3,              0,       1 meters
  27/02/2024 16:46:21.908,   1.836304e+00,   0.000000e+00,   1.633162e+04,   0.000000e+00,   5.280219e+02,   0.000000e+00,   1.866791e+00,   0.000000e+00,   5.367885e+02,   0.000000e+00,   1.401224e+02,   0.000000e+00,   3.321747e+01,   0.000000e+00,   3.203711e+01,   0.000000e+00,   7.638377e+00,   0.000000e+00,   9.481028e+00,   0.000000e+00,              3,              0,       1 meters
  27/02/2024 16:46:22.885,   1.831305e+00,   0.000000e+00,   1.620915e+04,   0.000000e+00,   5.284098e+02,   0.000000e+00,   1.861478e+00,   0.000000e+00,   5.371160e+02,   0.000000e+00,   1.401257e+02,   0.000000e+00,   3.321569e+01,   0.000000e+00,   3.203736e+01,   0.000000e+00,   7.641885e+00,   0.000000e+00,   9.463142e+00,   0.000000e+00,              3,              0,       1 meters
  27/02/2024 16:46:23.862,   1.835433e+00,   0.000000e+00,   1.638712e+04,   0.000000e+00,   5.254314e+02,   0.000000e+00,   1.866012e+00,   0.000000e+00,   5.341852e+02,   0.000000e+00,   1.401347e+02,   0.000000e+00,   3.321411e+01,   0.000000e+00,   3.204043e+01,   0.000000e+00,   7.635766e+00,   0.000000e+00,   9.480226e+00,   0.000000e+00,              3,              0,       1 meters
  27/02/2024 16:46:24.839,   1.835875e+00,   0.000000e+00,   1.642192e+04,   0.000000e+00,   5.223732e+02,   0.000000e+00,   1.866527e+00,   0.000000e+00,   5.310948e+02,   0.000000e+00,   1.401058e+02,   0.000000e+00,   3.321272e+01,   0.000000e+00,   3.204287e+01,   0.000000e+00,   7.636118e+00,   0.000000e+00,   9.481898e+00,   0.000000e+00,              3,              0,       1 meters
  27/02/2024 16:46:25.816,   1.834288e+00,   0.000000e+00,   1.642877e+04,   0.000000e+00,   5.193364e+02,   0.000000e+00,   1.864926e+00,   0.000000e+00,   5.280110e+02,   0.000000e+00,   1.400933e+02,   0.000000e+00,   3.321123e+01,   0.000000e+00,   3.204524e+01,   0.000000e+00,   7.637903e+00,   0.000000e+00,   9.482977e+00,   0.000000e+00,              3,              0,       1 meters
  27/02/2024 16:46:26.793,   1.834027e+00,   0.000000e+00,   1.654862e+04,   0.000000e+00,   5.539113e+02,   0.000000e+00,   1.864889e+00,   0.000000e+00,   5.632320e+02,   0.000000e+00,   1.400761e+02,   0.000000e+00,   3.321016e+01,   0.000000e+00,   3.204712e+01,   0.000000e+00,   7.641640e+00,   0.000000e+00,   9.476563e+00,   0.000000e+00,              3,              0,       1 meters
  27/02/2024 16:46:27.770,   1.836992e+00,   0.000000e+00,   1.681357e+04,   0.000000e+00,   6.175622e+02,   0.000000e+00,   1.868407e+00,   0.000000e+00,   6.281232e+02,   0.000000e+00,   1.400599e+02,   0.000000e+00,   3.320894e+01,   0.000000e+00,   3.204863e+01,   0.000000e+00,   7.633977e+00,   0.000000e+00,   9.493526e+00,   0.000000e+00,              3,              0,       1 meters
  27/02/2024 16:46:28.747,   1.836862e+00,   0.000000e+00,   1.670746e+04,   0.000000e+00,   6.109593e+02,   0.000000e+00,   1.868072e+00,   0.000000e+00,   6.213403e+02,   0.000000e+00,   1.400780e+02,   0.000000e+00,   3.320712e+01,   0.000000e+00,   3.205042e+01,   0.000000e+00,   7.634259e+00,   0.000000e+00,   9.495482e+00,   0.000000e+00,              3,              0,       1 meters
  27/02/2024 16:46:29.723,   1.832380e+00,   0.000000e+00,   1.652047e+04,   0.000000e+00,   5.983248e+02,   0.000000e+00,   1.863160e+00,   0.000000e+00,   6.083755e+02,   0.000000e+00,   1.400675e+02,   0.000000e+00,   3.320541e+01,   0.000000e+00,   3.205372e+01,   0.000000e+00,   7.641526e+00,   0.000000e+00,   9.474641e+00,   0.000000e+00,              3,              0,       1 meters
  27/02/2024 16:46:30.700,   1.840604e+00,   0.000000e+00,   1.647389e+04,   0.000000e+00,   5.848146e+02,   0.000000e+00,   1.871434e+00,   0.000000e+00,   5.946101e+02,   0.000000e+00,   1.401086e+02,   0.000000e+00,   3.320306e+01,   0.000000e+00,   3.205171e+01,   0.000000e+00,   7.630474e+00,   0.000000e+00,   9.488488e+00,   0.000000e+00,              3,              0,       1 meters
  27/02/2024 16:46:31.677,   1.837406e+00,   0.000000e+00,   1.621366e+04,   0.000000e+00,   5.766860e+02,   0.000000e+00,   1.867688e+00,   0.000000e+00,   5.861903e+02,   0.000000e+00,   1.401034e+02,   0.000000e+00,   3.320226e+01,   0.000000e+00,   3.205471e+01,   0.000000e+00,   7.638523e+00,   0.000000e+00,   9.486521e+00,   0.000000e+00,              3,              0,       1 meters
  27/02/2024 16:46:32.654,   1.833793e+00,   0.000000e+00,   1.617967e+04,   0.000000e+00,   5.706465e+02,   0.000000e+00,   1.863951e+00,   0.000000e+00,   5.800312e+02,   0.000000e+00,   1.401221e+02,   0.000000e+00,   3.320082e+01,   0.000000e+00,   3.205502e+01,   0.000000e+00,   7.642602e+00,   0.000000e+00,   9.480210e+00,   0.000000e+00,              3,              0,       1 meters
  27/02/2024 16:46:33.631,   1.837278e+00,   0.000000e+00,   1.625102e+04,   0.000000e+00,   5.639017e+02,   0.000000e+00,   1.867629e+00,   0.000000e+00,   5.732170e+02,   0.000000e+00,   1.401088e+02,   0.000000e+00,   3.319920e+01,   0.000000e+00,   3.205665e+01,   0.000000e+00,   7.637641e+00,   0.000000e+00,   9.481546e+00,   0.000000e+00,              3,              0,       1 meters
  27/02/2024 16:46:34.608,   1.833752e+00,   0.000000e+00,   1.616873e+04,   0.000000e+00,   5.605534e+02,   0.000000e+00,   1.863888e+00,   0.000000e+00,   5.697658e+02,   0.000000e+00,   1.401056e+02,   0.000000e+00,   3.319784e+01,   0.000000e+00,   3.205905e+01,   0.000000e+00,   7.636967e+00,   0.000000e+00,   9.476288e+00,   0.000000e+00,              3,              0,       1 meters
  27/02/2024 16:46:35.585,   1.835259e+00,   0.000000e+00,   1.618665e+04,   0.000000e+00,   5.566164e+02,   0.000000e+00,   1.865454e+00,   0.000000e+00,   5.657743e+02,   0.000000e+00,   1.401051e+02,   0.000000e+00,   3.319611e+01,   0.000000e+00,   3.205888e+01,   0.000000e+00,   7.638260e+00,   0.000000e+00,   9.482665e+00,   0.000000e+00,              3,              0,       1 meters
  27/02/2024 16:46:36.562,   1.835256e+00,   0.000000e+00,   1.614805e+04,   0.000000e+00,   5.543636e+02,   0.000000e+00,   1.865378e+00,   0.000000e+00,   5.634624e+02,   0.000000e+00,   1.400971e+02,   0.000000e+00,   3.319463e+01,   0.000000e+00,   3.206095e+01,   0.000000e+00,   7.637762e+00,   0.000000e+00,   9.473713e+00,   0.000000e+00,              3,              0,       1 meters
  27/02/2024 16:46:37.539,   1.836664e+00,   0.000000e+00,   1.618576e+04,   0.000000e+00,   5.520678e+02,   0.000000e+00,   1.866881e+00,   0.000000e+00,   5.611504e+02,   0.000000e+00,   1.400799e+02,   0.000000e+00,   3.319309e+01,   0.000000e+00,   3.206266e+01,   0.000000e+00,   7.634850e+00,   0.000000e+00,   9.485652e+00,   0.000000e+00,              3,              0,       1 meters
  27/02/2024 16:46:38.516,   1.837479e+00,   0.000000e+00,   1.615430e+04,   0.000000e+00,   5.522675e+02,   0.000000e+00,   1.867650e+00,   0.000000e+00,   5.613355e+02,   0.000000e+00,   1.400644e+02,   0.000000e+00,   3.319180e+01,   0.000000e+00,   3.206390e+01,   0.000000e+00,   7.635192e+00,   0.000000e+00,   9.478133e+00,   0.000000e+00,              3,              0,       1 meters
  27/02/2024 16:46:39.492,   1.835040e+00,   0.000000e+00,   1.604395e+04,   0.000000e+00,   5.506836e+02,   0.000000e+00,   1.864962e+00,   0.000000e+00,   5.596628e+02,   0.000000e+00,   1.400764e+02,   0.000000e+00,   3.318979e+01,   0.000000e+00,   3.206393e+01,   0.000000e+00,   7.644832e+00,   0.000000e+00,   9.479027e+00,   0.000000e+00,              3,              0,       1 meters
  27/02/2024 16:46:40.469,   1.832493e+00,   0.000000e+00,   1.607854e+04,   0.000000e+00,   5.507958e+02,   0.000000e+00,   1.862438e+00,   0.000000e+00,   5.597966e+02,   0.000000e+00,   1.400616e+02,   0.000000e+00,   3.318826e+01,   0.000000e+00,   3.206687e+01,   0.000000e+00,   7.643434e+00,   0.000000e+00,   9.473958e+00,   0.000000e+00,              3,              0,       1 meters
  27/02/2024 16:46:41.446,   1.837580e+00,   0.000000e+00,   1.622175e+04,   0.000000e+00,   5.499940e+02,   0.000000e+00,   1.867880e+00,   0.000000e+00,   5.590630e+02,   0.000000e+00,   1.400863e+02,   0.000000e+00,   3.318672e+01,   0.000000e+00,   3.206660e+01,   0.000000e+00,   7.633577e+00,   0.000000e+00,   9.479232e+00,   0.000000e+00,              3,              0,       1 meters
  27/02/2024 16:46:42.423,   1.831139e+00,   0.000000e+00,   1.617587e+04,   0.000000e+00,   5.517321e+02,   0.000000e+00,   1.861246e+00,   0.000000e+00,   5.608036e+02,   0.000000e+00,   1.400969e+02,   0.000000e+00,   3.318530e+01,   0.000000e+00,   3.206905e+01,   0.000000e+00,   7.643247e+00,   0.000000e+00,   9.469939e+00,   0.000000e+00,              3,              0,       1 meters
  27/02/2024 16:46:43.400,   1.836376e+00,   0.000000e+00,   1.626337e+04,   0.000000e+00,   5.497291e+02,   0.000000e+00,   1.866736e+00,   0.000000e+00,   5.588174e+02,   0.000000e+00,   1.401073e+02,   0.000000e+00,   3.318337e+01,   0.000000e+00,   3.206903e+01,   0.000000e+00,   7.638938e+00,   0.000000e+00,   9.481518e+00,   0.000000e+00,              3,              0,       1 meters
  27/02/2024 16:46:44.379,   1.833373e+00,   0.000000e+00,   1.617720e+04,   0.000000e+00,   5.499404e+02,   0.000000e+00,   1.863520e+00,   0.000000e+00,   5.589832e+02,   0.000000e+00,   1.401269e+02,   0.000000e+00,   3.318185e+01,   0.000000e+00,   3.207077e+01,   0.000000e+00,   7.641726e+00,   0.000000e+00,   9.474747e+00,   0.000000e+00,              3,              0,       1 meters
  27/02/2024 16:46:45.353,   1.831859e+00,   0.000000e+00,   1.608193e+04,   0.000000e+00,   5.498753e+02,   0.000000e+00,   1.861800e+00,   0.000000e+00,   5.588629e+02,   0.000000e+00,   1.401102e+02,   0.000000e+00,   3.318030e+01,   0.000000e+00,   3.207127e+01,   0.000000e+00,   7.646823e+00,   0.000000e+00,   9.474582e+00,   0.000000e+00,              3,              0,       1 meters
  27/02/2024 16:46:46.330,   1.836523e+00,   0.000000e+00,   1.614801e+04,   0.000000e+00,   5.489113e+02,   0.000000e+00,   1.866666e+00,   0.000000e+00,   5.579206e+02,   0.000000e+00,   1.401172e+02,   0.000000e+00,   3.317870e+01,   0.000000e+00,   3.207350e+01,   0.000000e+00,   7.642464e+00,   0.000000e+00,   9.488779e+00,   0.000000e+00,              3,              0,       1 meters
  27/02/2024 16:46:47.307,   1.833513e+00,   0.000000e+00,   1.617428e+04,   0.000000e+00,   5.480825e+02,   0.000000e+00,   1.863656e+00,   0.000000e+00,   5.570931e+02,   0.000000e+00,   1.400861e+02,   0.000000e+00,   3.317768e+01,   0.000000e+00,   3.207740e+01,   0.000000e+00,   7.641011e+00,   0.000000e+00,   9.481054e+00,   0.000000e+00,              3,              0,       1 meters
  27/02/2024 16:46:48.284,   1.839241e+00,   0.000000e+00,   1.634722e+04,   0.000000e+00,   5.465988e+02,   0.000000e+00,   1.869808e+00,   0.000000e+00,   5.556826e+02,   0.000000e+00,   1.400834e+02,   0.000000e+00,   3.317636e+01,   0.000000e+00,   3.207773e+01,   0.000000e+00,   7.631806e+00,   0.000000e+00,   9.490444e+00,   0.000000e+00,              3,              0,       1 meters
  27/02/2024 16:46:49.261,   1.835674e+00,   0.000000e+00,   1.622288e+04,   0.000000e+00,   5.465671e+02,   0.000000e+00,   1.865945e+00,   0.000000e+00,   5.555802e+02,   0.000000e+00,   1.400710e+02,   0.000000e+00,   3.317481e+01,   0.000000e+00,   3.207947e+01,   0.000000e+00,   7.639538e+00,   0.000000e+00,   9.474978e+00,   0.000000e+00,              3,              0,       1 meters
  27/02/2024 16:46:50.238,   1.837705e+00,   0.000000e+00,   1.622155e+04,   0.000000e+00,   5.436113e+02,   0.000000e+00,   1.868007e+00,   0.000000e+00,   5.525750e+02,   0.000000e+00,   1.400781e+02,   0.000000e+00,   3.317371e+01,   0.000000e+00,   3.208023e+01,   0.000000e+00,   7.637314e+00,   0.000000e+00,   9.485889e+00,   0.000000e+00,              3,              0,       1 meters
  27/02/2024 16:46:51.215,   1.837337e+00,   0.000000e+00,   1.618509e+04,   0.000000e+00,   5.411017e+02,   0.000000e+00,   1.867564e+00,   0.000000e+00,   5.500036e+02,   0.000000e+00,   1.400789e+02,   0.000000e+00,   3.317155e+01,   0.000000e+00,   3.208166e+01,   0.000000e+00,   7.638883e+00,   0.000000e+00,   9.483110e+00,   0.000000e+00,              3,              0,       1 meters
  27/02/2024 16:46:52.192,   1.837806e+00,   0.000000e+00,   1.622119e+04,   0.000000e+00,   5.383958e+02,   0.000000e+00,   1.868108e+00,   0.000000e+00,   5.472733e+02,   0.000000e+00,   1.400786e+02,   0.000000e+00,   3.317027e+01,   0.000000e+00,   3.208390e+01,   0.000000e+00,   7.637183e+00,   0.000000e+00,   9.489747e+00,   0.000000e+00,              3,              0,       1 meters
  27/02/2024 16:46:53.169,   1.834602e+00,   0.000000e+00,   1.614404e+04,   0.000000e+00,   5.360622e+02,   0.000000e+00,   1.864706e+00,   0.000000e+00,   5.448585e+02,   0.000000e+00,   1.400890e+02,   0.000000e+00,   3.316859e+01,   0.000000e+00,   3.208662e+01,   0.000000e+00,   7.638793e+00,   0.000000e+00,   9.476273e+00,   0.000000e+00,              3,              0,       1 meters
  27/02/2024 16:46:54.146,   1.838468e+00,   0.000000e+00,   1.621302e+04,   0.000000e+00,   5.302485e+02,   0.000000e+00,   1.868766e+00,   0.000000e+00,   5.389871e+02,   0.000000e+00,   1.401119e+02,   0.000000e+00,   3.316655e+01,   0.000000e+00,   3.208641e+01,   0.000000e+00,   7.637488e+00,   0.000000e+00,   9.481138e+00,   0.000000e+00,              3,              0,       1 meters
  27/02/2024 16:46:55.122,   1.837025e+00,   0.000000e+00,   1.619003e+04,   0.000000e+00,   5.238115e+02,   0.000000e+00,   1.867256e+00,   0.000000e+00,   5.324316e+02,   0.000000e+00,   1.401252e+02,   0.000000e+00,   3.316542e+01,   0.000000e+00,   3.208810e+01,   0.000000e+00,   7.634205e+00,   0.000000e+00,   9.477202e+00,   0.000000e+00,              3,              0,       1 meters
  27/02/2024 16:46:56.099,   1.833746e+00,   0.000000e+00,   1.611705e+04,   0.000000e+00,   5.177955e+02,   0.000000e+00,   1.863784e+00,   0.000000e+00,   5.262775e+02,   0.000000e+00,   1.401116e+02,   0.000000e+00,   3.316391e+01,   0.000000e+00,   3.209025e+01,   0.000000e+00,   7.640332e+00,   0.000000e+00,   9.479111e+00,   0.000000e+00,              3,              0,       1 meters
  27/02/2024 16:46:57.076,   1.834104e+00,   0.000000e+00,   1.607158e+04,   0.000000e+00,   5.128253e+02,   0.000000e+00,   1.864063e+00,   0.000000e+00,   5.212018e+02,   0.000000e+00,   1.401235e+02,   0.000000e+00,   3.316204e+01,   0.000000e+00,   3.209103e+01,   0.000000e+00,   7.638783e+00,   0.000000e+00,   9.479681e+00,   0.000000e+00,              3,              0,       1 meters
  27/02/2024 16:46:58.054,   1.835506e+00,   0.000000e+00,   1.612725e+04,   0.000000e+00,   5.076496e+02,   0.000000e+00,   1.865593e+00,   0.000000e+00,   5.159708e+02,   0.000000e+00,   1.400949e+02,   0.000000e+00,   3.316113e+01,   0.000000e+00,   3.209408e+01,   0.000000e+00,   7.641310e+00,   0.000000e+00,   9.480630e+00,   0.000000e+00,              3,              0,       1 meters
  27/02/2024 16:46:59.030,   1.838647e+00,   0.000000e+00,   1.613631e+04,   0.000000e+00,   5.010478e+02,   0.000000e+00,   1.868802e+00,   0.000000e+00,   5.092655e+02,   0.000000e+00,   1.400860e+02,   0.000000e+00,   3.316027e+01,   0.000000e+00,   3.209521e+01,   0.000000e+00,   7.632153e+00,   0.000000e+00,   9.482357e+00,   0.000000e+00,              3,              0,       1 meters
  27/02/2024 16:47:00.007,   1.837212e+00,   0.000000e+00,   1.614470e+04,   0.000000e+00,   4.975856e+02,   0.000000e+00,   1.867360e+00,   0.000000e+00,   5.057508e+02,   0.000000e+00,   1.400770e+02,   0.000000e+00,   3.315897e+01,   0.000000e+00,   3.209663e+01,   0.000000e+00,   7.637033e+00,   0.000000e+00,   9.479719e+00,   0.000000e+00,              3,              0,       1 meters
  27/02/2024 16:47:00.984,   1.833379e+00,   0.000000e+00,   1.599433e+04,   0.000000e+00,   4.934313e+02,   0.000000e+00,   1.863180e+00,   0.000000e+00,   5.014516e+02,   0.000000e+00,   1.400586e+02,   0.000000e+00,   3.315703e+01,   0.000000e+00,   3.209790e+01,   0.000000e+00,   7.643530e+00,   0.000000e+00,   9.486290e+00,   0.000000e+00,              3,              0,       1 meters
  27/02/2024 16:47:01.962,   1.835784e+00,   0.000000e+00,   1.614574e+04,   0.000000e+00,   4.884208e+02,   0.000000e+00,   1.865910e+00,   0.000000e+00,   4.964362e+02,   0.000000e+00,   1.400766e+02,   0.000000e+00,   3.315558e+01,   0.000000e+00,   3.209978e+01,   0.000000e+00,   7.637448e+00,   0.000000e+00,   9.484377e+00,   0.000000e+00,              3,              0,       1 meters
  27/02/2024 16:47:02.938,   1.836243e+00,   0.000000e+00,   1.612388e+04,   0.000000e+00,   4.855281e+02,   0.000000e+00,   1.866335e+00,   0.000000e+00,   4.934850e+02,   0.000000e+00,   1.400740e+02,   0.000000e+00,   3.315406e+01,   0.000000e+00,   3.209982e+01,   0.000000e+00,   7.637756e+00,   0.000000e+00,   9.483813e+00,   0.000000e+00,              3,              0,       1 meters
  27/02/2024 16:47:03.914,   1.832476e+00,   0.000000e+00,   1.593859e+04,   0.000000e+00,   4.850632e+02,   0.000000e+00,   1.862156e+00,   0.000000e+00,   4.929197e+02,   0.000000e+00,   1.401112e+02,   0.000000e+00,   3.315229e+01,   0.000000e+00,   3.210051e+01,   0.000000e+00,   7.646352e+00,   0.000000e+00,   9.473286e+00,   0.000000e+00,              3,              0,       1 meters
  27/02/2024 16:47:04.891,   1.836496e+00,   0.000000e+00,   1.612557e+04,   0.000000e+00,   4.810779e+02,   0.000000e+00,   1.866596e+00,   0.000000e+00,   4.889627e+02,   0.000000e+00,   1.401138e+02,   0.000000e+00,   3.315076e+01,   0.000000e+00,   3.210251e+01,   0.000000e+00,   7.638379e+00,   0.000000e+00,   9.491178e+00,   0.000000e+00,              3,              0,       1 meters
  27/02/2024 16:47:05.868,   1.834164e+00,   0.000000e+00,   1.601870e+04,   0.000000e+00,   4.801572e+02,   0.000000e+00,   1.864024e+00,   0.000000e+00,   4.879740e+02,   0.000000e+00,   1.401222e+02,   0.000000e+00,   3.314903e+01,   0.000000e+00,   3.210381e+01,   0.000000e+00,   7.638925e+00,   0.000000e+00,   9.477650e+00,   0.000000e+00,              3,              0,       1 meters
  27/02/2024 16:47:06.846,   1.835412e+00,   0.000000e+00,   1.601559e+04,   0.000000e+00,   4.782742e+02,   0.000000e+00,   1.865285e+00,   0.000000e+00,   4.860587e+02,   0.000000e+00,   1.401154e+02,   0.000000e+00,   3.314757e+01,   0.000000e+00,   3.210581e+01,   0.000000e+00,   7.640468e+00,   0.000000e+00,   9.489659e+00,   0.000000e+00,              3,              0,       1 meters
  27/02/2024 16:47:07.822,   1.835892e+00,   0.000000e+00,   1.603406e+04,   0.000000e+00,   4.778264e+02,   0.000000e+00,   1.865809e+00,   0.000000e+00,   4.856127e+02,   0.000000e+00,   1.400953e+02,   0.000000e+00,   3.314633e+01,   0.000000e+00,   3.210768e+01,   0.000000e+00,   7.637369e+00,   0.000000e+00,   9.481484e+00,   0.000000e+00,              3,              0,       1 meters
  27/02/2024 16:47:08.799,   1.828914e+00,   0.000000e+00,   1.584510e+04,   0.000000e+00,   4.777297e+02,   0.000000e+00,   1.858359e+00,   0.000000e+00,   4.854212e+02,   0.000000e+00,   1.400948e+02,   0.000000e+00,   3.314508e+01,   0.000000e+00,   3.211033e+01,   0.000000e+00,   7.643898e+00,   0.000000e+00,   9.466698e+00,   0.000000e+00,              3,              0,       1 meters
  27/02/2024 16:47:09.907,   1.834952e+00,   0.000000e+00,   1.596261e+04,   0.000000e+00,   4.750020e+02,   0.000000e+00,   1.864718e+00,   0.000000e+00,   4.827072e+02,   0.000000e+00,   1.400680e+02,   0.000000e+00,   3.314416e+01,   0.000000e+00,   3.211371e+01,   0.000000e+00,   7.642469e+00,   0.000000e+00,   9.478345e+00,   0.000000e+00,              3,              0,       1 meters
  27/02/2024 16:47:10.760,   1.837767e+00,   0.000000e+00,   1.608363e+04,   0.000000e+00,   4.735430e+02,   0.000000e+00,   1.867808e+00,   0.000000e+00,   4.812838e+02,   0.000000e+00,   1.400854e+02,   0.000000e+00,   3.314334e+01,   0.000000e+00,   3.211327e+01,   0.000000e+00,   7.637998e+00,   0.000000e+00,   9.488054e+00,   0.000000e+00,              3,              0,       1 meters
  27/02/2024 16:47:11.738,   1.833902e+00,   0.000000e+00,   1.598699e+04,   0.000000e+00,   4.716645e+02,   0.000000e+00,   1.863697e+00,   0.000000e+00,   4.793275e+02,   0.000000e+00,   1.400641e+02,   0.000000e+00,   3.314339e+01,   0.000000e+00,   3.211704e+01,   0.000000e+00,   7.641203e+00,   0.000000e+00,   9.485973e+00,   0.000000e+00,              3,              0,       1 meters
  27/02/2024 16:47:12.716,   1.838916e+00,   0.000000e+00,   1.609278e+04,   0.000000e+00,   4.706990e+02,   0.000000e+00,   1.868993e+00,   0.000000e+00,   4.783978e+02,   0.000000e+00,   1.400760e+02,   0.000000e+00,   3.313871e+01,   0.000000e+00,   3.211989e+01,   0.000000e+00,   7.633651e+00,   0.000000e+00,   9.489700e+00,   0.000000e+00,              3,              0,       1 meters
  27/02/2024 16:47:13.695,   1.837193e+00,   0.000000e+00,   1.607612e+04,   0.000000e+00,   4.692808e+02,   0.000000e+00,   1.867210e+00,   0.000000e+00,   4.769483e+02,   0.000000e+00,   1.400763e+02,   0.000000e+00,   3.314452e+01,   0.000000e+00,   3.212055e+01,   0.000000e+00,   7.636169e+00,   0.000000e+00,   9.484962e+00,   0.000000e+00,              3,              0,       1 meters
  27/02/2024 16:47:14.666,   1.834114e+00,   0.000000e+00,   1.607871e+04,   0.000000e+00,   4.684477e+02,   0.000000e+00,   1.864086e+00,   0.000000e+00,   4.761028e+02,   0.000000e+00,   1.401162e+02,   0.000000e+00,   3.313640e+01,   0.000000e+00,   3.212277e+01,   0.000000e+00,   7.643066e+00,   0.000000e+00,   9.487553e+00,   0.000000e+00,              3,              0,       1 meters
  27/02/2024 16:47:16.391,   1.836867e+00,   0.000000e+00,   1.604749e+04,   0.000000e+00,   4.682681e+02,   0.000000e+00,   1.866825e+00,   0.000000e+00,   4.759052e+02,   0.000000e+00,   1.400944e+02,   0.000000e+00,   3.313280e+01,   0.000000e+00,   3.212411e+01,   0.000000e+00,   7.644221e+00,   0.000000e+00,   9.485560e+00,   0.000000e+00,              3,              0,       1 meters
  27/02/2024 16:47:16.705,   1.839421e+00,   0.000000e+00,   1.603729e+04,   0.000000e+00,   4.668407e+02,   0.000000e+00,   1.869401e+00,   0.000000e+00,   4.744496e+02,   0.000000e+00,   1.400197e+02,   0.000000e+00,   3.313238e+01,   0.000000e+00,   3.212909e+01,   0.000000e+00,   7.638980e+00,   0.000000e+00,   9.493682e+00,   0.000000e+00,              3,              0,       1 meters
  27/02/2024 16:47:17.598,   1.835660e+00,   0.000000e+00,   1.596808e+04,   0.000000e+00,   4.664920e+02,   0.000000e+00,   1.865448e+00,   0.000000e+00,   4.740618e+02,   0.000000e+00,   1.400880e+02,   0.000000e+00,   3.313013e+01,   0.000000e+00,   3.212696e+01,   0.000000e+00,   7.640578e+00,   0.000000e+00,   9.476838e+00,   0.000000e+00,              3,              0,       1 meters
  27/02/2024 16:47:18.576,   1.834888e+00,   0.000000e+00,   1.599866e+04,   0.000000e+00,   4.666233e+02,   0.000000e+00,   1.864721e+00,   0.000000e+00,   4.742100e+02,   0.000000e+00,   1.400958e+02,   0.000000e+00,   3.312889e+01,   0.000000e+00,   3.212921e+01,   0.000000e+00,   7.642088e+00,   0.000000e+00,   9.485149e+00,   0.000000e+00,              3,              0,       1 meters
  27/02/2024 16:47:19.552,   1.837245e+00,   0.000000e+00,   1.596764e+04,   0.000000e+00,   4.678378e+02,   0.000000e+00,   1.867058e+00,   0.000000e+00,   4.754293e+02,   0.000000e+00,   1.400881e+02,   0.000000e+00,   3.312745e+01,   0.000000e+00,   3.212986e+01,   0.000000e+00,   7.643109e+00,   0.000000e+00,   9.478314e+00,   0.000000e+00,              3,              0,       1 meters
  27/02/2024 16:47:20.528,   1.836917e+00,   0.000000e+00,   1.598040e+04,   0.000000e+00,   4.690816e+02,   0.000000e+00,   1.866749e+00,   0.000000e+00,   4.766994e+02,   0.000000e+00,   1.400846e+02,   0.000000e+00,   3.312629e+01,   0.000000e+00,   3.213336e+01,   0.000000e+00,   7.639882e+00,   0.000000e+00,   9.476301e+00,   0.000000e+00,              3,              0,       1 meters
  27/02/2024 16:47:21.505,   1.833732e+00,   0.000000e+00,   1.592396e+04,   0.000000e+00,   4.706979e+02,   0.000000e+00,   1.863404e+00,   0.000000e+00,   4.783145e+02,   0.000000e+00,   1.400764e+02,   0.000000e+00,   3.312482e+01,   0.000000e+00,   3.213312e+01,   0.000000e+00,   7.645354e+00,   0.000000e+00,   9.486706e+00,   0.000000e+00,              3,              0,       1 meters
  27/02/2024 16:47:22.481,   1.839358e+00,   0.000000e+00,   1.603772e+04,   0.000000e+00,   4.713141e+02,   0.000000e+00,   1.869338e+00,   0.000000e+00,   4.789961e+02,   0.000000e+00,   1.400638e+02,   0.000000e+00,   3.312347e+01,   0.000000e+00,   3.213404e+01,   0.000000e+00,   7.636919e+00,   0.000000e+00,   9.490744e+00,   0.000000e+00,              3,              0,       1 meters
  27/02/2024 16:47:23.458,   1.835304e+00,   0.000000e+00,   1.589383e+04,   0.000000e+00,   4.722742e+02,   0.000000e+00,   1.864945e+00,   0.000000e+00,   4.799017e+02,   0.000000e+00,   1.400792e+02,   0.000000e+00,   3.312139e+01,   0.000000e+00,   3.213457e+01,   0.000000e+00,   7.643382e+00,   0.000000e+00,   9.477052e+00,   0.000000e+00,              3,              0,       1 meters
  27/02/2024 16:47:24.437,   1.836237e+00,   0.000000e+00,   1.598159e+04,   0.000000e+00,   4.722423e+02,   0.000000e+00,   1.866060e+00,   0.000000e+00,   4.799121e+02,   0.000000e+00,   1.400859e+02,   0.000000e+00,   3.311999e+01,   0.000000e+00,   3.213613e+01,   0.000000e+00,   7.639395e+00,   0.000000e+00,   9.478946e+00,   0.000000e+00,              3,              0,       1 meters
  27/02/2024 16:47:25.414,   1.834888e+00,   0.000000e+00,   1.602498e+04,   0.000000e+00,   4.719412e+02,   0.000000e+00,   1.864771e+00,   0.000000e+00,   4.796272e+02,   0.000000e+00,   1.401184e+02,   0.000000e+00,   3.311796e+01,   0.000000e+00,   3.213669e+01,   0.000000e+00,   7.640741e+00,   0.000000e+00,   9.479350e+00,   0.000000e+00,              3,              0,       1 meters
  27/02/2024 16:47:26.391,   1.833957e+00,   0.000000e+00,   1.601799e+04,   0.000000e+00,   4.729863e+02,   0.000000e+00,   1.863811e+00,   0.000000e+00,   4.806859e+02,   0.000000e+00,   1.401166e+02,   0.000000e+00,   3.311657e+01,   0.000000e+00,   3.213908e+01,   0.000000e+00,   7.645807e+00,   0.000000e+00,   9.476462e+00,   0.000000e+00,              3,              0,       1 meters
  27/02/2024 16:47:27.395,   1.835426e+00,   0.000000e+00,   1.595226e+04,   0.000000e+00,   4.727624e+02,   0.000000e+00,   1.865180e+00,   0.000000e+00,   4.804263e+02,   0.000000e+00,   1.401084e+02,   0.000000e+00,   3.311508e+01,   0.000000e+00,   3.214217e+01,   0.000000e+00,   7.640046e+00,   0.000000e+00,   9.480881e+00,   0.000000e+00,              3,              0,       1 meters
  27/02/2024 16:47:28.357,   1.832451e+00,   0.000000e+00,   1.593752e+04,   0.000000e+00,   4.727601e+02,   0.000000e+00,   1.862129e+00,   0.000000e+00,   4.804167e+02,   0.000000e+00,   1.401239e+02,   0.000000e+00,   3.311492e+01,   0.000000e+00,   3.214106e+01,   0.000000e+00,   7.642242e+00,   0.000000e+00,   9.472735e+00,   0.000000e+00,              3,              0,       1 meters
  27/02/2024 16:47:29.522,   1.835119e+00,   0.000000e+00,   1.590163e+04,   0.000000e+00,   4.731782e+02,   0.000000e+00,   1.864772e+00,   0.000000e+00,   4.808241e+02,   0.000000e+00,   1.401172e+02,   0.000000e+00,   3.311186e+01,   0.000000e+00,   3.214465e+01,   0.000000e+00,   7.645084e+00,   0.000000e+00,   9.480563e+00,   0.000000e+00,              3,              0,       1 meters
