VC:cf32204 BD:May 26 2016 SN:US4300161200001274
                     Time,      [CH4]_ppm,   [CH4]_ppm_sd,      [H2O]_ppm,   [H2O]_ppm_sd,      [CO2]_ppm,   [CO2]_ppm_sd,     [CH4]d_ppm,  [CH4]d_ppm_sd,     [CO2]d_ppm,  [CO2]d_ppm_sd,      GasP_torr,   GasP_torr_sd,         GasT_C,      GasT_C_sd,         AmbT_C,      AmbT_C_sd,         RD0_us,      RD0_us_sd,         RD1_us,      RD1_us_sd,       Fit_Flag,      MIU_VALVE,       MIU_DESC
  16/08/2023 17:16:24.341,   1.846312e+00,   0.000000e+00,   1.471648e+04,   0.000000e+00,   4.079515e+02,   0.000000e+00,   1.873889e+00,   0.000000e+00,   4.140448e+02,   0.000000e+00,   1.401609e+02,   0.000000e+00,   3.108760e+01,   0.000000e+00,   3.279429e+01,   0.000000e+00,   7.623770e+00,   0.000000e+00,   9.395798e+00,   0.000000e+00,              3,              0,       1 meters
  16/08/2023 17:16:25.318,   1.846586e+00,   0.000000e+00,   1.465845e+04,   0.000000e+00,   4.093415e+02,   0.000000e+00,   1.874057e+00,   0.000000e+00,   4.154311e+02,   0.000000e+00,   1.401450e+02,   0.000000e+00,   3.108707e+01,   0.000000e+00,   3.279463e+01,   0.000000e+00,   7.622762e+00,   0.000000e+00,   9.387310e+00,   0.000000e+00,              3,              0,       1 meters
  16/08/2023 17:16:26.296,   1.846480e+00,   0.000000e+00,   1.477850e+04,   0.000000e+00,   4.099553e+02,   0.000000e+00,   1.874178e+00,   0.000000e+00,   4.161047e+02,   0.000000e+00,   1.401887e+02,   0.000000e+00,   3.108758e+01,   0.000000e+00,   3.279253e+01,   0.000000e+00,   7.624657e+00,   0.000000e+00,   9.393144e+00,   0.000000e+00,              3,              0,       1 meters
  16/08/2023 17:16:27.272,   1.847445e+00,   0.000000e+00,   1.474218e+04,   0.000000e+00,   4.100267e+02,   0.000000e+00,   1.875088e+00,   0.000000e+00,   4.161618e+02,   0.000000e+00,   1.401466e+02,   0.000000e+00,   3.108683e+01,   0.000000e+00,   3.279382e+01,   0.000000e+00,   7.623523e+00,   0.000000e+00,   9.393007e+00,   0.000000e+00,              3,              0,       1 meters
  16/08/2023 17:16:28.249,   1.845983e+00,   0.000000e+00,   1.470542e+04,   0.000000e+00,   4.096651e+02,   0.000000e+00,   1.873534e+00,   0.000000e+00,   4.157793e+02,   0.000000e+00,   1.401686e+02,   0.000000e+00,   3.108570e+01,   0.000000e+00,   3.279238e+01,   0.000000e+00,   7.623659e+00,   0.000000e+00,   9.391649e+00,   0.000000e+00,              3,              0,       1 meters
  16/08/2023 17:16:29.227,   1.844778e+00,   0.000000e+00,   1.467733e+04,   0.000000e+00,   4.089611e+02,   0.000000e+00,   1.872257e+00,   0.000000e+00,   4.150529e+02,   0.000000e+00,   1.401375e+02,   0.000000e+00,   3.108648e+01,   0.000000e+00,   3.279223e+01,   0.000000e+00,   7.627445e+00,   0.000000e+00,   9.393244e+00,   0.000000e+00,              3,              0,       1 meters
  16/08/2023 17:16:30.202,   1.846320e+00,   0.000000e+00,   1.476020e+04,   0.000000e+00,   4.086167e+02,   0.000000e+00,   1.873980e+00,   0.000000e+00,   4.147383e+02,   0.000000e+00,   1.401678e+02,   0.000000e+00,   3.108505e+01,   0.000000e+00,   3.278970e+01,   0.000000e+00,   7.624174e+00,   0.000000e+00,   9.394963e+00,   0.000000e+00,              3,              0,       1 meters
  16/08/2023 17:16:31.180,   1.846992e+00,   0.000000e+00,   1.476322e+04,   0.000000e+00,   4.089122e+02,   0.000000e+00,   1.874668e+00,   0.000000e+00,   4.150395e+02,   0.000000e+00,   1.401599e+02,   0.000000e+00,   3.108368e+01,   0.000000e+00,   3.278907e+01,   0.000000e+00,   7.621597e+00,   0.000000e+00,   9.392728e+00,   0.000000e+00,              3,              0,       1 meters
  16/08/2023 17:16:32.157,   1.846188e+00,   0.000000e+00,   1.476774e+04,   0.000000e+00,   4.082798e+02,   0.000000e+00,   1.873861e+00,   0.000000e+00,   4.143995e+02,   0.000000e+00,   1.401520e+02,   0.000000e+00,   3.108465e+01,   0.000000e+00,   3.278936e+01,   0.000000e+00,   7.625329e+00,   0.000000e+00,   9.387093e+00,   0.000000e+00,              3,              0,       1 meters
  16/08/2023 17:16:33.133,   1.846782e+00,   0.000000e+00,   1.476863e+04,   0.000000e+00,   4.079493e+02,   0.000000e+00,   1.874465e+00,   0.000000e+00,   4.140645e+02,   0.000000e+00,   1.401616e+02,   0.000000e+00,   3.108475e+01,   0.000000e+00,   3.279134e+01,   0.000000e+00,   7.626498e+00,   0.000000e+00,   9.389370e+00,   0.000000e+00,              3,              0,       1 meters
  16/08/2023 17:16:34.111,   1.848248e+00,   0.000000e+00,   1.469549e+04,   0.000000e+00,   4.079784e+02,   0.000000e+00,   1.875814e+00,   0.000000e+00,   4.140633e+02,   0.000000e+00,   1.401494e+02,   0.000000e+00,   3.108365e+01,   0.000000e+00,   3.279671e+01,   0.000000e+00,   7.624111e+00,   0.000000e+00,   9.392825e+00,   0.000000e+00,              3,              0,       1 meters
  16/08/2023 17:16:35.087,   1.847796e+00,   0.000000e+00,   1.483022e+04,   0.000000e+00,   4.079156e+02,   0.000000e+00,   1.875612e+00,   0.000000e+00,   4.140561e+02,   0.000000e+00,   1.401847e+02,   0.000000e+00,   3.108307e+01,   0.000000e+00,   3.279842e+01,   0.000000e+00,   7.624276e+00,   0.000000e+00,   9.390809e+00,   0.000000e+00,              3,              0,       1 meters
  16/08/2023 17:16:36.064,   1.849589e+00,   0.000000e+00,   1.472633e+04,   0.000000e+00,   4.078208e+02,   0.000000e+00,   1.877234e+00,   0.000000e+00,   4.139163e+02,   0.000000e+00,   1.401432e+02,   0.000000e+00,   3.108292e+01,   0.000000e+00,   3.280034e+01,   0.000000e+00,   7.623688e+00,   0.000000e+00,   9.394058e+00,   0.000000e+00,              3,              0,       1 meters
  16/08/2023 17:16:37.042,   1.849644e+00,   0.000000e+00,   1.470726e+04,   0.000000e+00,   4.074569e+02,   0.000000e+00,   1.877254e+00,   0.000000e+00,   4.135389e+02,   0.000000e+00,   1.401880e+02,   0.000000e+00,   3.108196e+01,   0.000000e+00,   3.279762e+01,   0.000000e+00,   7.624497e+00,   0.000000e+00,   9.387237e+00,   0.000000e+00,              3,              0,       1 meters
  16/08/2023 17:16:38.018,   1.849304e+00,   0.000000e+00,   1.471716e+04,   0.000000e+00,   4.074363e+02,   0.000000e+00,   1.876927e+00,   0.000000e+00,   4.135222e+02,   0.000000e+00,   1.401477e+02,   0.000000e+00,   3.108206e+01,   0.000000e+00,   3.279949e+01,   0.000000e+00,   7.626816e+00,   0.000000e+00,   9.398394e+00,   0.000000e+00,              3,              0,       1 meters
  16/08/2023 17:16:38.995,   1.853513e+00,   0.000000e+00,   1.465055e+04,   0.000000e+00,   4.077500e+02,   0.000000e+00,   1.881071e+00,   0.000000e+00,   4.138126e+02,   0.000000e+00,   1.401686e+02,   0.000000e+00,   3.108211e+01,   0.000000e+00,   3.279662e+01,   0.000000e+00,   7.625673e+00,   0.000000e+00,   9.392993e+00,   0.000000e+00,              3,              0,       1 meters
  16/08/2023 17:16:39.973,   1.859688e+00,   0.000000e+00,   1.469256e+04,   0.000000e+00,   4.082599e+02,   0.000000e+00,   1.887419e+00,   0.000000e+00,   4.143478e+02,   0.000000e+00,   1.401373e+02,   0.000000e+00,   3.108239e+01,   0.000000e+00,   3.279830e+01,   0.000000e+00,   7.622089e+00,   0.000000e+00,   9.393656e+00,   0.000000e+00,              3,              0,       1 meters
  16/08/2023 17:16:40.948,   1.860206e+00,   0.000000e+00,   1.462232e+04,   0.000000e+00,   4.094289e+02,   0.000000e+00,   1.887810e+00,   0.000000e+00,   4.155046e+02,   0.000000e+00,   1.401677e+02,   0.000000e+00,   3.108163e+01,   0.000000e+00,   3.279479e+01,   0.000000e+00,   7.627112e+00,   0.000000e+00,   9.388004e+00,   0.000000e+00,              3,              0,       1 meters
  16/08/2023 17:16:41.926,   1.859720e+00,   0.000000e+00,   1.474337e+04,   0.000000e+00,   4.112322e+02,   0.000000e+00,   1.887549e+00,   0.000000e+00,   4.173858e+02,   0.000000e+00,   1.401595e+02,   0.000000e+00,   3.108084e+01,   0.000000e+00,   3.279448e+01,   0.000000e+00,   7.628592e+00,   0.000000e+00,   9.395578e+00,   0.000000e+00,              3,              0,       1 meters
  16/08/2023 17:16:42.903,   1.858160e+00,   0.000000e+00,   1.480972e+04,   0.000000e+00,   4.123331e+02,   0.000000e+00,   1.886093e+00,   0.000000e+00,   4.185315e+02,   0.000000e+00,   1.401525e+02,   0.000000e+00,   3.108120e+01,   0.000000e+00,   3.279430e+01,   0.000000e+00,   7.627734e+00,   0.000000e+00,   9.403429e+00,   0.000000e+00,              3,              0,       1 meters
  16/08/2023 17:16:43.879,   1.855508e+00,   0.000000e+00,   1.470404e+04,   0.000000e+00,   4.116445e+02,   0.000000e+00,   1.883199e+00,   0.000000e+00,   4.177877e+02,   0.000000e+00,   1.401612e+02,   0.000000e+00,   3.108057e+01,   0.000000e+00,   3.279412e+01,   0.000000e+00,   7.626006e+00,   0.000000e+00,   9.396658e+00,   0.000000e+00,              3,              0,       1 meters
  16/08/2023 17:16:44.856,   1.854040e+00,   0.000000e+00,   1.474444e+04,   0.000000e+00,   4.124295e+02,   0.000000e+00,   1.881785e+00,   0.000000e+00,   4.186015e+02,   0.000000e+00,   1.401464e+02,   0.000000e+00,   3.108033e+01,   0.000000e+00,   3.279486e+01,   0.000000e+00,   7.628495e+00,   0.000000e+00,   9.400916e+00,   0.000000e+00,              3,              0,       1 meters
  16/08/2023 17:16:45.834,   1.855846e+00,   0.000000e+00,   1.482163e+04,   0.000000e+00,   4.128306e+02,   0.000000e+00,   1.883766e+00,   0.000000e+00,   4.190415e+02,   0.000000e+00,   1.401869e+02,   0.000000e+00,   3.108002e+01,   0.000000e+00,   3.279450e+01,   0.000000e+00,   7.624686e+00,   0.000000e+00,   9.396866e+00,   0.000000e+00,              3,              0,       1 meters
  16/08/2023 17:16:46.809,   1.853800e+00,   0.000000e+00,   1.478078e+04,   0.000000e+00,   4.139306e+02,   0.000000e+00,   1.881612e+00,   0.000000e+00,   4.201406e+02,   0.000000e+00,   1.401443e+02,   0.000000e+00,   3.107992e+01,   0.000000e+00,   3.279688e+01,   0.000000e+00,   7.626468e+00,   0.000000e+00,   9.394858e+00,   0.000000e+00,              3,              0,       1 meters
  16/08/2023 17:16:47.787,   1.853794e+00,   0.000000e+00,   1.475199e+04,   0.000000e+00,   4.132881e+02,   0.000000e+00,   1.881550e+00,   0.000000e+00,   4.194763e+02,   0.000000e+00,   1.401690e+02,   0.000000e+00,   3.107902e+01,   0.000000e+00,   3.279578e+01,   0.000000e+00,   7.628135e+00,   0.000000e+00,   9.398789e+00,   0.000000e+00,              3,              0,       1 meters
  16/08/2023 17:16:48.765,   1.851965e+00,   0.000000e+00,   1.486663e+04,   0.000000e+00,   4.129091e+02,   0.000000e+00,   1.879913e+00,   0.000000e+00,   4.191403e+02,   0.000000e+00,   1.401351e+02,   0.000000e+00,   3.107956e+01,   0.000000e+00,   3.279818e+01,   0.000000e+00,   7.626917e+00,   0.000000e+00,   9.405426e+00,   0.000000e+00,              3,              0,       1 meters
  16/08/2023 17:16:49.740,   1.849945e+00,   0.000000e+00,   1.475943e+04,   0.000000e+00,   4.124785e+02,   0.000000e+00,   1.877658e+00,   0.000000e+00,   4.186577e+02,   0.000000e+00,   1.401683e+02,   0.000000e+00,   3.107873e+01,   0.000000e+00,   3.279726e+01,   0.000000e+00,   7.625617e+00,   0.000000e+00,   9.387882e+00,   0.000000e+00,              3,              0,       1 meters
  16/08/2023 17:16:50.718,   1.850096e+00,   0.000000e+00,   1.474791e+04,   0.000000e+00,   4.113663e+02,   0.000000e+00,   1.877790e+00,   0.000000e+00,   4.175239e+02,   0.000000e+00,   1.401397e+02,   0.000000e+00,   3.107815e+01,   0.000000e+00,   3.280045e+01,   0.000000e+00,   7.630295e+00,   0.000000e+00,   9.397563e+00,   0.000000e+00,              3,              0,       1 meters
  16/08/2023 17:16:51.695,   1.852429e+00,   0.000000e+00,   1.478327e+04,   0.000000e+00,   4.111431e+02,   0.000000e+00,   1.880225e+00,   0.000000e+00,   4.173123e+02,   0.000000e+00,   1.401542e+02,   0.000000e+00,   3.107771e+01,   0.000000e+00,   3.280009e+01,   0.000000e+00,   7.627915e+00,   0.000000e+00,   9.395338e+00,   0.000000e+00,              3,              0,       1 meters
  16/08/2023 17:16:52.671,   1.850031e+00,   0.000000e+00,   1.468439e+04,   0.000000e+00,   4.112143e+02,   0.000000e+00,   1.877603e+00,   0.000000e+00,   4.173428e+02,   0.000000e+00,   1.401632e+02,   0.000000e+00,   3.107626e+01,   0.000000e+00,   3.279985e+01,   0.000000e+00,   7.626897e+00,   0.000000e+00,   9.396130e+00,   0.000000e+00,              3,              0,       1 meters
  16/08/2023 17:16:53.649,   1.846981e+00,   0.000000e+00,   1.472128e+04,   0.000000e+00,   4.096589e+02,   0.000000e+00,   1.874577e+00,   0.000000e+00,   4.157798e+02,   0.000000e+00,   1.401486e+02,   0.000000e+00,   3.107655e+01,   0.000000e+00,   3.280054e+01,   0.000000e+00,   7.625183e+00,   0.000000e+00,   9.393184e+00,   0.000000e+00,              3,              0,       1 meters
  16/08/2023 17:16:54.625,   1.848813e+00,   0.000000e+00,   1.473622e+04,   0.000000e+00,   4.095520e+02,   0.000000e+00,   1.876465e+00,   0.000000e+00,   4.156775e+02,   0.000000e+00,   1.401849e+02,   0.000000e+00,   3.107611e+01,   0.000000e+00,   3.279852e+01,   0.000000e+00,   7.628071e+00,   0.000000e+00,   9.389989e+00,   0.000000e+00,              3,              0,       1 meters
  16/08/2023 17:16:55.602,   1.850668e+00,   0.000000e+00,   1.478005e+04,   0.000000e+00,   4.087860e+02,   0.000000e+00,   1.878431e+00,   0.000000e+00,   4.149185e+02,   0.000000e+00,   1.401469e+02,   0.000000e+00,   3.107621e+01,   0.000000e+00,   3.280067e+01,   0.000000e+00,   7.626644e+00,   0.000000e+00,   9.393238e+00,   0.000000e+00,              3,              0,       1 meters
  16/08/2023 17:16:56.580,   1.848583e+00,   0.000000e+00,   1.475238e+04,   0.000000e+00,   4.087648e+02,   0.000000e+00,   1.876263e+00,   0.000000e+00,   4.148853e+02,   0.000000e+00,   1.401898e+02,   0.000000e+00,   3.107575e+01,   0.000000e+00,   3.279862e+01,   0.000000e+00,   7.626331e+00,   0.000000e+00,   9.394509e+00,   0.000000e+00,              3,              0,       1 meters
  16/08/2023 17:16:57.556,   1.851660e+00,   0.000000e+00,   1.468458e+04,   0.000000e+00,   4.084864e+02,   0.000000e+00,   1.879256e+00,   0.000000e+00,   4.145742e+02,   0.000000e+00,   1.401469e+02,   0.000000e+00,   3.107564e+01,   0.000000e+00,   3.280041e+01,   0.000000e+00,   7.622053e+00,   0.000000e+00,   9.395232e+00,   0.000000e+00,              3,              0,       1 meters
  16/08/2023 17:16:58.533,   1.857740e+00,   0.000000e+00,   1.477510e+04,   0.000000e+00,   4.091474e+02,   0.000000e+00,   1.885600e+00,   0.000000e+00,   4.152832e+02,   0.000000e+00,   1.401682e+02,   0.000000e+00,   3.107577e+01,   0.000000e+00,   3.279826e+01,   0.000000e+00,   7.625928e+00,   0.000000e+00,   9.393363e+00,   0.000000e+00,              3,              0,       1 meters
  16/08/2023 17:16:59.511,   1.868778e+00,   0.000000e+00,   1.487009e+04,   0.000000e+00,   4.101384e+02,   0.000000e+00,   1.896987e+00,   0.000000e+00,   4.163293e+02,   0.000000e+00,   1.401371e+02,   0.000000e+00,   3.107472e+01,   0.000000e+00,   3.279902e+01,   0.000000e+00,   7.627794e+00,   0.000000e+00,   9.390290e+00,   0.000000e+00,              3,              0,       1 meters
  16/08/2023 17:17:00.486,   1.882707e+00,   0.000000e+00,   1.486088e+04,   0.000000e+00,   4.109145e+02,   0.000000e+00,   1.911107e+00,   0.000000e+00,   4.171132e+02,   0.000000e+00,   1.401678e+02,   0.000000e+00,   3.107438e+01,   0.000000e+00,   3.279874e+01,   0.000000e+00,   7.629437e+00,   0.000000e+00,   9.396441e+00,   0.000000e+00,              3,              0,       1 meters
  16/08/2023 17:17:01.463,   1.899585e+00,   0.000000e+00,   1.497369e+04,   0.000000e+00,   4.122392e+02,   0.000000e+00,   1.928461e+00,   0.000000e+00,   4.185057e+02,   0.000000e+00,   1.401603e+02,   0.000000e+00,   3.107378e+01,   0.000000e+00,   3.280041e+01,   0.000000e+00,   7.627294e+00,   0.000000e+00,   9.394069e+00,   0.000000e+00,              3,              0,       1 meters
  16/08/2023 17:17:02.441,   1.912165e+00,   0.000000e+00,   1.515175e+04,   0.000000e+00,   4.131802e+02,   0.000000e+00,   1.941584e+00,   0.000000e+00,   4.195370e+02,   0.000000e+00,   1.401435e+02,   0.000000e+00,   3.107325e+01,   0.000000e+00,   3.280163e+01,   0.000000e+00,   7.625426e+00,   0.000000e+00,   9.391019e+00,   0.000000e+00,              3,              0,       1 meters
  16/08/2023 17:17:03.416,   1.927834e+00,   0.000000e+00,   1.516942e+04,   0.000000e+00,   4.140016e+02,   0.000000e+00,   1.957529e+00,   0.000000e+00,   4.203785e+02,   0.000000e+00,   1.401844e+02,   0.000000e+00,   3.107268e+01,   0.000000e+00,   3.280057e+01,   0.000000e+00,   7.623916e+00,   0.000000e+00,   9.398794e+00,   0.000000e+00,              3,              0,       1 meters
  16/08/2023 17:17:04.395,   1.947864e+00,   0.000000e+00,   1.536124e+04,   0.000000e+00,   4.155842e+02,   0.000000e+00,   1.978252e+00,   0.000000e+00,   4.220676e+02,   0.000000e+00,   1.401485e+02,   0.000000e+00,   3.107234e+01,   0.000000e+00,   3.280104e+01,   0.000000e+00,   7.627405e+00,   0.000000e+00,   9.393216e+00,   0.000000e+00,              3,              0,       1 meters
  16/08/2023 17:17:05.372,   1.966330e+00,   0.000000e+00,   1.549455e+04,   0.000000e+00,   4.159731e+02,   0.000000e+00,   1.997277e+00,   0.000000e+00,   4.225198e+02,   0.000000e+00,   1.401863e+02,   0.000000e+00,   3.107142e+01,   0.000000e+00,   3.279986e+01,   0.000000e+00,   7.627038e+00,   0.000000e+00,   9.401813e+00,   0.000000e+00,              3,              0,       1 meters
  16/08/2023 17:17:06.348,   1.993712e+00,   0.000000e+00,   1.565365e+04,   0.000000e+00,   4.185321e+02,   0.000000e+00,   2.025417e+00,   0.000000e+00,   4.251879e+02,   0.000000e+00,   1.401451e+02,   0.000000e+00,   3.107145e+01,   0.000000e+00,   3.280235e+01,   0.000000e+00,   7.626952e+00,   0.000000e+00,   9.395670e+00,   0.000000e+00,              3,              0,       1 meters
  16/08/2023 17:17:07.326,   2.017971e+00,   0.000000e+00,   1.568161e+04,   0.000000e+00,   4.202394e+02,   0.000000e+00,   2.050120e+00,   0.000000e+00,   4.269344e+02,   0.000000e+00,   1.401893e+02,   0.000000e+00,   3.107076e+01,   0.000000e+00,   3.279721e+01,   0.000000e+00,   7.630731e+00,   0.000000e+00,   9.392981e+00,   0.000000e+00,              3,              0,       1 meters
  16/08/2023 17:17:08.302,   2.046375e+00,   0.000000e+00,   1.593689e+04,   0.000000e+00,   4.221219e+02,   0.000000e+00,   2.079516e+00,   0.000000e+00,   4.289581e+02,   0.000000e+00,   1.401358e+02,   0.000000e+00,   3.107099e+01,   0.000000e+00,   3.279938e+01,   0.000000e+00,   7.627469e+00,   0.000000e+00,   9.391831e+00,   0.000000e+00,              3,              0,       1 meters
  16/08/2023 17:17:09.278,   2.073440e+00,   0.000000e+00,   1.606224e+04,   0.000000e+00,   4.243877e+02,   0.000000e+00,   2.107288e+00,   0.000000e+00,   4.313156e+02,   0.000000e+00,   1.401677e+02,   0.000000e+00,   3.107063e+01,   0.000000e+00,   3.279922e+01,   0.000000e+00,   7.628527e+00,   0.000000e+00,   9.397396e+00,   0.000000e+00,              3,              0,       1 meters
  16/08/2023 17:17:10.257,   2.108935e+00,   0.000000e+00,   1.616358e+04,   0.000000e+00,   4.269124e+02,   0.000000e+00,   2.143583e+00,   0.000000e+00,   4.339262e+02,   0.000000e+00,   1.401370e+02,   0.000000e+00,   3.107021e+01,   0.000000e+00,   3.280038e+01,   0.000000e+00,   7.629311e+00,   0.000000e+00,   9.393389e+00,   0.000000e+00,              3,              0,       1 meters
  16/08/2023 17:17:11.233,   2.134947e+00,   0.000000e+00,   1.633037e+04,   0.000000e+00,   4.284338e+02,   0.000000e+00,   2.170390e+00,   0.000000e+00,   4.355464e+02,   0.000000e+00,   1.401555e+02,   0.000000e+00,   3.107020e+01,   0.000000e+00,   3.279926e+01,   0.000000e+00,   7.628575e+00,   0.000000e+00,   9.389366e+00,   0.000000e+00,              3,              0,       1 meters
  16/08/2023 17:17:12.209,   2.156564e+00,   0.000000e+00,   1.653953e+04,   0.000000e+00,   4.308364e+02,   0.000000e+00,   2.192833e+00,   0.000000e+00,   4.380820e+02,   0.000000e+00,   1.401606e+02,   0.000000e+00,   3.106904e+01,   0.000000e+00,   3.280050e+01,   0.000000e+00,   7.622980e+00,   0.000000e+00,   9.389466e+00,   0.000000e+00,              3,              0,       1 meters
  16/08/2023 17:17:13.187,   2.180756e+00,   0.000000e+00,   1.665176e+04,   0.000000e+00,   4.314709e+02,   0.000000e+00,   2.217684e+00,   0.000000e+00,   4.387773e+02,   0.000000e+00,   1.401495e+02,   0.000000e+00,   3.106951e+01,   0.000000e+00,   3.280332e+01,   0.000000e+00,   7.627530e+00,   0.000000e+00,   9.394088e+00,   0.000000e+00,              3,              0,       1 meters
  16/08/2023 17:17:14.163,   2.198477e+00,   0.000000e+00,   1.679783e+04,   0.000000e+00,   4.329821e+02,   0.000000e+00,   2.236037e+00,   0.000000e+00,   4.403796e+02,   0.000000e+00,   1.401614e+02,   0.000000e+00,   3.106902e+01,   0.000000e+00,   3.280332e+01,   0.000000e+00,   7.626633e+00,   0.000000e+00,   9.396091e+00,   0.000000e+00,              3,              0,       1 meters
  16/08/2023 17:17:15.140,   2.207946e+00,   0.000000e+00,   1.694959e+04,   0.000000e+00,   4.336508e+02,   0.000000e+00,   2.246015e+00,   0.000000e+00,   4.411277e+02,   0.000000e+00,   1.401489e+02,   0.000000e+00,   3.106904e+01,   0.000000e+00,   3.280426e+01,   0.000000e+00,   7.626891e+00,   0.000000e+00,   9.395982e+00,   0.000000e+00,              3,              0,       1 meters
  16/08/2023 17:17:16.115,   2.211130e+00,   0.000000e+00,   1.690193e+04,   0.000000e+00,   4.346099e+02,   0.000000e+00,   2.249145e+00,   0.000000e+00,   4.420820e+02,   0.000000e+00,   1.401876e+02,   0.000000e+00,   3.106815e+01,   0.000000e+00,   3.280126e+01,   0.000000e+00,   7.629267e+00,   0.000000e+00,   9.389410e+00,   0.000000e+00,              3,              0,       1 meters
  16/08/2023 17:17:17.092,   2.211488e+00,   0.000000e+00,   1.698777e+04,   0.000000e+00,   4.339993e+02,   0.000000e+00,   2.249705e+00,   0.000000e+00,   4.414994e+02,   0.000000e+00,   1.401442e+02,   0.000000e+00,   3.106852e+01,   0.000000e+00,   3.280440e+01,   0.000000e+00,   7.632686e+00,   0.000000e+00,   9.396012e+00,   0.000000e+00,              3,              0,       1 meters
  16/08/2023 17:17:18.069,   2.211309e+00,   0.000000e+00,   1.697334e+04,   0.000000e+00,   4.341882e+02,   0.000000e+00,   2.249490e+00,   0.000000e+00,   4.416851e+02,   0.000000e+00,   1.401697e+02,   0.000000e+00,   3.106809e+01,   0.000000e+00,   3.280137e+01,   0.000000e+00,   7.626792e+00,   0.000000e+00,   9.390622e+00,   0.000000e+00,              3,              0,       1 meters
  16/08/2023 17:17:19.046,   2.223384e+00,   0.000000e+00,   1.706155e+04,   0.000000e+00,   4.352161e+02,   0.000000e+00,   2.261976e+00,   0.000000e+00,   4.427705e+02,   0.000000e+00,   1.401369e+02,   0.000000e+00,   3.106722e+01,   0.000000e+00,   3.280175e+01,   0.000000e+00,   7.626217e+00,   0.000000e+00,   9.392069e+00,   0.000000e+00,              3,              0,       1 meters
  16/08/2023 17:17:20.023,   2.238268e+00,   0.000000e+00,   1.711789e+04,   0.000000e+00,   4.350827e+02,   0.000000e+00,   2.277249e+00,   0.000000e+00,   4.426601e+02,   0.000000e+00,   1.401674e+02,   0.000000e+00,   3.106701e+01,   0.000000e+00,   3.280121e+01,   0.000000e+00,   7.630904e+00,   0.000000e+00,   9.398552e+00,   0.000000e+00,              3,              0,       1 meters
  16/08/2023 17:17:21.000,   2.243049e+00,   0.000000e+00,   1.710738e+04,   0.000000e+00,   4.359558e+02,   0.000000e+00,   2.282089e+00,   0.000000e+00,   4.435437e+02,   0.000000e+00,   1.401596e+02,   0.000000e+00,   3.106672e+01,   0.000000e+00,   3.280270e+01,   0.000000e+00,   7.626846e+00,   0.000000e+00,   9.395039e+00,   0.000000e+00,              3,              0,       1 meters
  16/08/2023 17:17:21.977,   2.251135e+00,   0.000000e+00,   1.709731e+04,   0.000000e+00,   4.362724e+02,   0.000000e+00,   2.290292e+00,   0.000000e+00,   4.438613e+02,   0.000000e+00,   1.401557e+02,   0.000000e+00,   3.106696e+01,   0.000000e+00,   3.280305e+01,   0.000000e+00,   7.623404e+00,   0.000000e+00,   9.399840e+00,   0.000000e+00,              3,              0,       1 meters
  16/08/2023 17:17:22.954,   2.266464e+00,   0.000000e+00,   1.714899e+04,   0.000000e+00,   4.381246e+02,   0.000000e+00,   2.306009e+00,   0.000000e+00,   4.457691e+02,   0.000000e+00,   1.401610e+02,   0.000000e+00,   3.106669e+01,   0.000000e+00,   3.280401e+01,   0.000000e+00,   7.625019e+00,   0.000000e+00,   9.387576e+00,   0.000000e+00,              3,              0,       1 meters
  16/08/2023 17:17:23.931,   2.288224e+00,   0.000000e+00,   1.724674e+04,   0.000000e+00,   4.391608e+02,   0.000000e+00,   2.328381e+00,   0.000000e+00,   4.468678e+02,   0.000000e+00,   1.401450e+02,   0.000000e+00,   3.106602e+01,   0.000000e+00,   3.280547e+01,   0.000000e+00,   7.628203e+00,   0.000000e+00,   9.395246e+00,   0.000000e+00,              3,              0,       1 meters
  16/08/2023 17:17:24.908,   2.309903e+00,   0.000000e+00,   1.719135e+04,   0.000000e+00,   4.405520e+02,   0.000000e+00,   2.350308e+00,   0.000000e+00,   4.482582e+02,   0.000000e+00,   1.401859e+02,   0.000000e+00,   3.106582e+01,   0.000000e+00,   3.280337e+01,   0.000000e+00,   7.628373e+00,   0.000000e+00,   9.399226e+00,   0.000000e+00,              3,              0,       1 meters
  16/08/2023 17:17:25.886,   2.330187e+00,   0.000000e+00,   1.735869e+04,   0.000000e+00,   4.424598e+02,   0.000000e+00,   2.371351e+00,   0.000000e+00,   4.502760e+02,   0.000000e+00,   1.401483e+02,   0.000000e+00,   3.106630e+01,   0.000000e+00,   3.280254e+01,   0.000000e+00,   7.626093e+00,   0.000000e+00,   9.395067e+00,   0.000000e+00,              3,              0,       1 meters
  16/08/2023 17:17:26.864,   2.343251e+00,   0.000000e+00,   1.733145e+04,   0.000000e+00,   4.433542e+02,   0.000000e+00,   2.384579e+00,   0.000000e+00,   4.511737e+02,   0.000000e+00,   1.401883e+02,   0.000000e+00,   3.106577e+01,   0.000000e+00,   3.280241e+01,   0.000000e+00,   7.626506e+00,   0.000000e+00,   9.392018e+00,   0.000000e+00,              3,              0,       1 meters
  16/08/2023 17:17:27.840,   2.356914e+00,   0.000000e+00,   1.736289e+04,   0.000000e+00,   4.446740e+02,   0.000000e+00,   2.398560e+00,   0.000000e+00,   4.525313e+02,   0.000000e+00,   1.401320e+02,   0.000000e+00,   3.106624e+01,   0.000000e+00,   3.280415e+01,   0.000000e+00,   7.628554e+00,   0.000000e+00,   9.392260e+00,   0.000000e+00,              3,              0,       1 meters
  16/08/2023 17:17:28.817,   2.372340e+00,   0.000000e+00,   1.745928e+04,   0.000000e+00,   4.455451e+02,   0.000000e+00,   2.414495e+00,   0.000000e+00,   4.534623e+02,   0.000000e+00,   1.401690e+02,   0.000000e+00,   3.106473e+01,   0.000000e+00,   3.280542e+01,   0.000000e+00,   7.625858e+00,   0.000000e+00,   9.391154e+00,   0.000000e+00,              3,              0,       1 meters
  16/08/2023 17:17:29.795,   2.385504e+00,   0.000000e+00,   1.753233e+04,   0.000000e+00,   4.465059e+02,   0.000000e+00,   2.428074e+00,   0.000000e+00,   4.544739e+02,   0.000000e+00,   1.401377e+02,   0.000000e+00,   3.106461e+01,   0.000000e+00,   3.280857e+01,   0.000000e+00,   7.623993e+00,   0.000000e+00,   9.390464e+00,   0.000000e+00,              3,              0,       1 meters
  16/08/2023 17:17:30.771,   2.405959e+00,   0.000000e+00,   1.752429e+04,   0.000000e+00,   4.477351e+02,   0.000000e+00,   2.448874e+00,   0.000000e+00,   4.557213e+02,   0.000000e+00,   1.401678e+02,   0.000000e+00,   3.106394e+01,   0.000000e+00,   3.280772e+01,   0.000000e+00,   7.626494e+00,   0.000000e+00,   9.388433e+00,   0.000000e+00,              3,              0,       1 meters
  16/08/2023 17:17:31.747,   2.421539e+00,   0.000000e+00,   1.764223e+04,   0.000000e+00,   4.489033e+02,   0.000000e+00,   2.465028e+00,   0.000000e+00,   4.569652e+02,   0.000000e+00,   1.401597e+02,   0.000000e+00,   3.106355e+01,   0.000000e+00,   3.280803e+01,   0.000000e+00,   7.630135e+00,   0.000000e+00,   9.396589e+00,   0.000000e+00,              3,              0,       1 meters
  16/08/2023 17:17:32.725,   2.439429e+00,   0.000000e+00,   1.771788e+04,   0.000000e+00,   4.508965e+02,   0.000000e+00,   2.483431e+00,   0.000000e+00,   4.590295e+02,   0.000000e+00,   1.401541e+02,   0.000000e+00,   3.106414e+01,   0.000000e+00,   3.280902e+01,   0.000000e+00,   7.628221e+00,   0.000000e+00,   9.391895e+00,   0.000000e+00,              3,              0,       1 meters
  16/08/2023 17:17:33.701,   2.453215e+00,   0.000000e+00,   1.773211e+04,   0.000000e+00,   4.506352e+02,   0.000000e+00,   2.497501e+00,   0.000000e+00,   4.587701e+02,   0.000000e+00,   1.401617e+02,   0.000000e+00,   3.106389e+01,   0.000000e+00,   3.280804e+01,   0.000000e+00,   7.626035e+00,   0.000000e+00,   9.391750e+00,   0.000000e+00,              3,              0,       1 meters
  16/08/2023 17:17:34.679,   2.472344e+00,   0.000000e+00,   1.776796e+04,   0.000000e+00,   4.527918e+02,   0.000000e+00,   2.517068e+00,   0.000000e+00,   4.609825e+02,   0.000000e+00,   1.401461e+02,   0.000000e+00,   3.106392e+01,   0.000000e+00,   3.281000e+01,   0.000000e+00,   7.629115e+00,   0.000000e+00,   9.395753e+00,   0.000000e+00,              3,              0,       1 meters
  16/08/2023 17:17:35.656,   2.497947e+00,   0.000000e+00,   1.785960e+04,   0.000000e+00,   4.544573e+02,   0.000000e+00,   2.543370e+00,   0.000000e+00,   4.627214e+02,   0.000000e+00,   1.401863e+02,   0.000000e+00,   3.106319e+01,   0.000000e+00,   3.280752e+01,   0.000000e+00,   7.625695e+00,   0.000000e+00,   9.394696e+00,   0.000000e+00,              3,              0,       1 meters
  16/08/2023 17:17:36.632,   2.514815e+00,   0.000000e+00,   1.786219e+04,   0.000000e+00,   4.557225e+02,   0.000000e+00,   2.560552e+00,   0.000000e+00,   4.640107e+02,   0.000000e+00,   1.401486e+02,   0.000000e+00,   3.106361e+01,   0.000000e+00,   3.280882e+01,   0.000000e+00,   7.624890e+00,   0.000000e+00,   9.395254e+00,   0.000000e+00,              3,              0,       1 meters
  16/08/2023 17:17:37.609,   2.536431e+00,   0.000000e+00,   1.793540e+04,   0.000000e+00,   4.569978e+02,   0.000000e+00,   2.582753e+00,   0.000000e+00,   4.653439e+02,   0.000000e+00,   1.401686e+02,   0.000000e+00,   3.106394e+01,   0.000000e+00,   3.280717e+01,   0.000000e+00,   7.621546e+00,   0.000000e+00,   9.389266e+00,   0.000000e+00,              3,              0,       1 meters
  16/08/2023 17:17:38.587,   2.571914e+00,   0.000000e+00,   1.792418e+04,   0.000000e+00,   4.590893e+02,   0.000000e+00,   2.618855e+00,   0.000000e+00,   4.674683e+02,   0.000000e+00,   1.401332e+02,   0.000000e+00,   3.106257e+01,   0.000000e+00,   3.280719e+01,   0.000000e+00,   7.627907e+00,   0.000000e+00,   9.397442e+00,   0.000000e+00,              3,              0,       1 meters
  16/08/2023 17:17:39.562,   2.608815e+00,   0.000000e+00,   1.802250e+04,   0.000000e+00,   4.626624e+02,   0.000000e+00,   2.656696e+00,   0.000000e+00,   4.711538e+02,   0.000000e+00,   1.401690e+02,   0.000000e+00,   3.106214e+01,   0.000000e+00,   3.280524e+01,   0.000000e+00,   7.624600e+00,   0.000000e+00,   9.393945e+00,   0.000000e+00,              3,              0,       1 meters
  16/08/2023 17:17:40.541,   2.633577e+00,   0.000000e+00,   1.808605e+04,   0.000000e+00,   4.642191e+02,   0.000000e+00,   2.682085e+00,   0.000000e+00,   4.727696e+02,   0.000000e+00,   1.401379e+02,   0.000000e+00,   3.106184e+01,   0.000000e+00,   3.280743e+01,   0.000000e+00,   7.630061e+00,   0.000000e+00,   9.403453e+00,   0.000000e+00,              3,              0,       1 meters
  16/08/2023 17:17:41.517,   2.652709e+00,   0.000000e+00,   1.801150e+04,   0.000000e+00,   4.653992e+02,   0.000000e+00,   2.701364e+00,   0.000000e+00,   4.739355e+02,   0.000000e+00,   1.401560e+02,   0.000000e+00,   3.106023e+01,   0.000000e+00,   3.280772e+01,   0.000000e+00,   7.628634e+00,   0.000000e+00,   9.386194e+00,   0.000000e+00,              3,              0,       1 meters
  16/08/2023 17:17:42.493,   2.666726e+00,   0.000000e+00,   1.813524e+04,   0.000000e+00,   4.665596e+02,   0.000000e+00,   2.715981e+00,   0.000000e+00,   4.751770e+02,   0.000000e+00,   1.401585e+02,   0.000000e+00,   3.106069e+01,   0.000000e+00,   3.280596e+01,   0.000000e+00,   7.629554e+00,   0.000000e+00,   9.394646e+00,   0.000000e+00,              3,              0,       1 meters
  16/08/2023 17:17:43.470,   2.687360e+00,   0.000000e+00,   1.813720e+04,   0.000000e+00,   4.681194e+02,   0.000000e+00,   2.737002e+00,   0.000000e+00,   4.767666e+02,   0.000000e+00,   1.401542e+02,   0.000000e+00,   3.106006e+01,   0.000000e+00,   3.280703e+01,   0.000000e+00,   7.625489e+00,   0.000000e+00,   9.390951e+00,   0.000000e+00,              3,              0,       1 meters
  16/08/2023 17:17:44.447,   2.710973e+00,   0.000000e+00,   1.821091e+04,   0.000000e+00,   4.697624e+02,   0.000000e+00,   2.761258e+00,   0.000000e+00,   4.784758e+02,   0.000000e+00,   1.401854e+02,   0.000000e+00,   3.106050e+01,   0.000000e+00,   3.280823e+01,   0.000000e+00,   7.624068e+00,   0.000000e+00,   9.383784e+00,   0.000000e+00,              3,              0,       1 meters
  16/08/2023 17:17:45.424,   2.724749e+00,   0.000000e+00,   1.818250e+04,   0.000000e+00,   4.705862e+02,   0.000000e+00,   2.775209e+00,   0.000000e+00,   4.793011e+02,   0.000000e+00,   1.401457e+02,   0.000000e+00,   3.105964e+01,   0.000000e+00,   3.281144e+01,   0.000000e+00,   7.622370e+00,   0.000000e+00,   9.388209e+00,   0.000000e+00,              3,              0,       1 meters
  16/08/2023 17:17:46.402,   2.734046e+00,   0.000000e+00,   1.821735e+04,   0.000000e+00,   4.712037e+02,   0.000000e+00,   2.784777e+00,   0.000000e+00,   4.799471e+02,   0.000000e+00,   1.401865e+02,   0.000000e+00,   3.105914e+01,   0.000000e+00,   3.280810e+01,   0.000000e+00,   7.624075e+00,   0.000000e+00,   9.390956e+00,   0.000000e+00,              3,              0,       1 meters
  16/08/2023 17:17:47.377,   2.745324e+00,   0.000000e+00,   1.827248e+04,   0.000000e+00,   4.727339e+02,   0.000000e+00,   2.796421e+00,   0.000000e+00,   4.815327e+02,   0.000000e+00,   1.401466e+02,   0.000000e+00,   3.106075e+01,   0.000000e+00,   3.281033e+01,   0.000000e+00,   7.627232e+00,   0.000000e+00,   9.392052e+00,   0.000000e+00,              3,              0,       1 meters
  16/08/2023 17:17:48.354,   2.759004e+00,   0.000000e+00,   1.835033e+04,   0.000000e+00,   4.734689e+02,   0.000000e+00,   2.810579e+00,   0.000000e+00,   4.823196e+02,   0.000000e+00,   1.401688e+02,   0.000000e+00,   3.105872e+01,   0.000000e+00,   3.280798e+01,   0.000000e+00,   7.627454e+00,   0.000000e+00,   9.391068e+00,   0.000000e+00,              3,              0,       1 meters
  16/08/2023 17:17:49.331,   2.788471e+00,   0.000000e+00,   1.841255e+04,   0.000000e+00,   4.750897e+02,   0.000000e+00,   2.840777e+00,   0.000000e+00,   4.840014e+02,   0.000000e+00,   1.401343e+02,   0.000000e+00,   3.105921e+01,   0.000000e+00,   3.280779e+01,   0.000000e+00,   7.621559e+00,   0.000000e+00,   9.390962e+00,   0.000000e+00,              3,              0,       1 meters
  16/08/2023 17:17:50.308,   2.808712e+00,   0.000000e+00,   1.835492e+04,   0.000000e+00,   4.768122e+02,   0.000000e+00,   2.861230e+00,   0.000000e+00,   4.857277e+02,   0.000000e+00,   1.401680e+02,   0.000000e+00,   3.105777e+01,   0.000000e+00,   3.280592e+01,   0.000000e+00,   7.627044e+00,   0.000000e+00,   9.392831e+00,   0.000000e+00,              3,              0,       1 meters
  16/08/2023 17:17:51.284,   2.825698e+00,   0.000000e+00,   1.851052e+04,   0.000000e+00,   4.780641e+02,   0.000000e+00,   2.878990e+00,   0.000000e+00,   4.870802e+02,   0.000000e+00,   1.401602e+02,   0.000000e+00,   3.105700e+01,   0.000000e+00,   3.280645e+01,   0.000000e+00,   7.628492e+00,   0.000000e+00,   9.395023e+00,   0.000000e+00,              3,              0,       1 meters
  16/08/2023 17:17:52.261,   2.844141e+00,   0.000000e+00,   1.853558e+04,   0.000000e+00,   4.798051e+02,   0.000000e+00,   2.897854e+00,   0.000000e+00,   4.888665e+02,   0.000000e+00,   1.401547e+02,   0.000000e+00,   3.105676e+01,   0.000000e+00,   3.280503e+01,   0.000000e+00,   7.627301e+00,   0.000000e+00,   9.391423e+00,   0.000000e+00,              3,              0,       1 meters
  16/08/2023 17:17:53.238,   2.866581e+00,   0.000000e+00,   1.847226e+04,   0.000000e+00,   4.812239e+02,   0.000000e+00,   2.920530e+00,   0.000000e+00,   4.902805e+02,   0.000000e+00,   1.401585e+02,   0.000000e+00,   3.105674e+01,   0.000000e+00,   3.280443e+01,   0.000000e+00,   7.627478e+00,   0.000000e+00,   9.392793e+00,   0.000000e+00,              3,              0,       1 meters
  16/08/2023 17:17:54.215,   2.893900e+00,   0.000000e+00,   1.853280e+04,   0.000000e+00,   4.830886e+02,   0.000000e+00,   2.948544e+00,   0.000000e+00,   4.922106e+02,   0.000000e+00,   1.401464e+02,   0.000000e+00,   3.105701e+01,   0.000000e+00,   3.280446e+01,   0.000000e+00,   7.628811e+00,   0.000000e+00,   9.393929e+00,   0.000000e+00,              3,              0,       1 meters
  16/08/2023 17:17:55.192,   2.921575e+00,   0.000000e+00,   1.853413e+04,   0.000000e+00,   4.846962e+02,   0.000000e+00,   2.976747e+00,   0.000000e+00,   4.938492e+02,   0.000000e+00,   1.401849e+02,   0.000000e+00,   3.105612e+01,   0.000000e+00,   3.279997e+01,   0.000000e+00,   7.627553e+00,   0.000000e+00,   9.397276e+00,   0.000000e+00,              3,              0,       1 meters
  16/08/2023 17:17:56.169,   2.938651e+00,   0.000000e+00,   1.860287e+04,   0.000000e+00,   4.863926e+02,   0.000000e+00,   2.994355e+00,   0.000000e+00,   4.956124e+02,   0.000000e+00,   1.401461e+02,   0.000000e+00,   3.105650e+01,   0.000000e+00,   3.280185e+01,   0.000000e+00,   7.629717e+00,   0.000000e+00,   9.398567e+00,   0.000000e+00,              3,              0,       1 meters
  16/08/2023 17:17:57.146,   2.948476e+00,   0.000000e+00,   1.870788e+04,   0.000000e+00,   4.870583e+02,   0.000000e+00,   3.004687e+00,   0.000000e+00,   4.963438e+02,   0.000000e+00,   1.401685e+02,   0.000000e+00,   3.105628e+01,   0.000000e+00,   3.280171e+01,   0.000000e+00,   7.624147e+00,   0.000000e+00,   9.393260e+00,   0.000000e+00,              3,              0,       1 meters
  16/08/2023 17:17:58.123,   2.959904e+00,   0.000000e+00,   1.866632e+04,   0.000000e+00,   4.876467e+02,   0.000000e+00,   3.016206e+00,   0.000000e+00,   4.969224e+02,   0.000000e+00,   1.401326e+02,   0.000000e+00,   3.105560e+01,   0.000000e+00,   3.280135e+01,   0.000000e+00,   7.625350e+00,   0.000000e+00,   9.387711e+00,   0.000000e+00,              3,              0,       1 meters
  16/08/2023 17:17:59.100,   2.976759e+00,   0.000000e+00,   1.864737e+04,   0.000000e+00,   4.897739e+02,   0.000000e+00,   3.033323e+00,   0.000000e+00,   4.990804e+02,   0.000000e+00,   1.401689e+02,   0.000000e+00,   3.105532e+01,   0.000000e+00,   3.279764e+01,   0.000000e+00,   7.623166e+00,   0.000000e+00,   9.388185e+00,   0.000000e+00,              3,              0,       1 meters
  16/08/2023 17:18:00.076,   3.004958e+00,   0.000000e+00,   1.873904e+04,   0.000000e+00,   4.910912e+02,   0.000000e+00,   3.062343e+00,   0.000000e+00,   5.004696e+02,   0.000000e+00,   1.401343e+02,   0.000000e+00,   3.105516e+01,   0.000000e+00,   3.279550e+01,   0.000000e+00,   7.622863e+00,   0.000000e+00,   9.393232e+00,   0.000000e+00,              3,              0,       1 meters
  16/08/2023 17:18:01.053,   3.027381e+00,   0.000000e+00,   1.872718e+04,   0.000000e+00,   4.929470e+02,   0.000000e+00,   3.085158e+00,   0.000000e+00,   5.023547e+02,   0.000000e+00,   1.401589e+02,   0.000000e+00,   3.105483e+01,   0.000000e+00,   3.279461e+01,   0.000000e+00,   7.627047e+00,   0.000000e+00,   9.385954e+00,   0.000000e+00,              3,              0,       1 meters
  16/08/2023 17:18:02.030,   3.046610e+00,   0.000000e+00,   1.873306e+04,   0.000000e+00,   4.946979e+02,   0.000000e+00,   3.104772e+00,   0.000000e+00,   5.041420e+02,   0.000000e+00,   1.401596e+02,   0.000000e+00,   3.105367e+01,   0.000000e+00,   3.279369e+01,   0.000000e+00,   7.625986e+00,   0.000000e+00,   9.386507e+00,   0.000000e+00,              3,              0,       1 meters
  16/08/2023 17:18:03.007,   3.071033e+00,   0.000000e+00,   1.884820e+04,   0.000000e+00,   4.958652e+02,   0.000000e+00,   3.130029e+00,   0.000000e+00,   5.053909e+02,   0.000000e+00,   1.401547e+02,   0.000000e+00,   3.105296e+01,   0.000000e+00,   3.279466e+01,   0.000000e+00,   7.621823e+00,   0.000000e+00,   9.389327e+00,   0.000000e+00,              3,              0,       1 meters
  16/08/2023 17:18:03.984,   3.085550e+00,   0.000000e+00,   1.884814e+04,   0.000000e+00,   4.976706e+02,   0.000000e+00,   3.144824e+00,   0.000000e+00,   5.072309e+02,   0.000000e+00,   1.401822e+02,   0.000000e+00,   3.105310e+01,   0.000000e+00,   3.279411e+01,   0.000000e+00,   7.626088e+00,   0.000000e+00,   9.392301e+00,   0.000000e+00,              3,              0,       1 meters
  16/08/2023 17:18:04.961,   3.107633e+00,   0.000000e+00,   1.886990e+04,   0.000000e+00,   4.983756e+02,   0.000000e+00,   3.167402e+00,   0.000000e+00,   5.079608e+02,   0.000000e+00,   1.401462e+02,   0.000000e+00,   3.105385e+01,   0.000000e+00,   3.279585e+01,   0.000000e+00,   7.628838e+00,   0.000000e+00,   9.397047e+00,   0.000000e+00,              3,              0,       1 meters
  16/08/2023 17:18:05.939,   3.129641e+00,   0.000000e+00,   1.895458e+04,   0.000000e+00,   5.002951e+02,   0.000000e+00,   3.190108e+00,   0.000000e+00,   5.099612e+02,   0.000000e+00,   1.401856e+02,   0.000000e+00,   3.105247e+01,   0.000000e+00,   3.279498e+01,   0.000000e+00,   7.622171e+00,   0.000000e+00,   9.379255e+00,   0.000000e+00,              3,              0,       1 meters
  16/08/2023 17:18:06.914,   3.145779e+00,   0.000000e+00,   1.901678e+04,   0.000000e+00,   5.011793e+02,   0.000000e+00,   3.206762e+00,   0.000000e+00,   5.108949e+02,   0.000000e+00,   1.401442e+02,   0.000000e+00,   3.105274e+01,   0.000000e+00,   3.279585e+01,   0.000000e+00,   7.629746e+00,   0.000000e+00,   9.394735e+00,   0.000000e+00,              3,              0,       1 meters
  16/08/2023 17:18:07.891,   3.158902e+00,   0.000000e+00,   1.898052e+04,   0.000000e+00,   5.023229e+02,   0.000000e+00,   3.220019e+00,   0.000000e+00,   5.120417e+02,   0.000000e+00,   1.401680e+02,   0.000000e+00,   3.105326e+01,   0.000000e+00,   3.279411e+01,   0.000000e+00,   7.627151e+00,   0.000000e+00,   9.392022e+00,   0.000000e+00,              3,              0,       1 meters
  16/08/2023 17:18:08.868,   3.170613e+00,   0.000000e+00,   1.908508e+04,   0.000000e+00,   5.027741e+02,   0.000000e+00,   3.232302e+00,   0.000000e+00,   5.125563e+02,   0.000000e+00,   1.401366e+02,   0.000000e+00,   3.105212e+01,   0.000000e+00,   3.279526e+01,   0.000000e+00,   7.623847e+00,   0.000000e+00,   9.393186e+00,   0.000000e+00,              3,              0,       1 meters
  16/08/2023 17:18:09.845,   3.181394e+00,   0.000000e+00,   1.902933e+04,   0.000000e+00,   5.038571e+02,   0.000000e+00,   3.243108e+00,   0.000000e+00,   5.136312e+02,   0.000000e+00,   1.401677e+02,   0.000000e+00,   3.105132e+01,   0.000000e+00,   3.279432e+01,   0.000000e+00,   7.626228e+00,   0.000000e+00,   9.397437e+00,   0.000000e+00,              3,              0,       1 meters
  16/08/2023 17:18:10.822,   3.199325e+00,   0.000000e+00,   1.903614e+04,   0.000000e+00,   5.056037e+02,   0.000000e+00,   3.261409e+00,   0.000000e+00,   5.154152e+02,   0.000000e+00,   1.401588e+02,   0.000000e+00,   3.105188e+01,   0.000000e+00,   3.279342e+01,   0.000000e+00,   7.625061e+00,   0.000000e+00,   9.388183e+00,   0.000000e+00,              3,              0,       1 meters
  16/08/2023 17:18:11.799,   3.220240e+00,   0.000000e+00,   1.902830e+04,   0.000000e+00,   5.068944e+02,   0.000000e+00,   3.282704e+00,   0.000000e+00,   5.167268e+02,   0.000000e+00,   1.401550e+02,   0.000000e+00,   3.105139e+01,   0.000000e+00,   3.279372e+01,   0.000000e+00,   7.625512e+00,   0.000000e+00,   9.389381e+00,   0.000000e+00,              3,              0,       1 meters
  16/08/2023 17:18:12.775,   3.245346e+00,   0.000000e+00,   1.912965e+04,   0.000000e+00,   5.086058e+02,   0.000000e+00,   3.308639e+00,   0.000000e+00,   5.185250e+02,   0.000000e+00,   1.401599e+02,   0.000000e+00,   3.104930e+01,   0.000000e+00,   3.279335e+01,   0.000000e+00,   7.622751e+00,   0.000000e+00,   9.391890e+00,   0.000000e+00,              3,              0,       1 meters
  16/08/2023 17:18:13.753,   3.274068e+00,   0.000000e+00,   1.916913e+04,   0.000000e+00,   5.104924e+02,   0.000000e+00,   3.338056e+00,   0.000000e+00,   5.204693e+02,   0.000000e+00,   1.401450e+02,   0.000000e+00,   3.104939e+01,   0.000000e+00,   3.279388e+01,   0.000000e+00,   7.622613e+00,   0.000000e+00,   9.393800e+00,   0.000000e+00,              3,              0,       1 meters
  16/08/2023 17:18:14.729,   3.289594e+00,   0.000000e+00,   1.921403e+04,   0.000000e+00,   5.126516e+02,   0.000000e+00,   3.354039e+00,   0.000000e+00,   5.226947e+02,   0.000000e+00,   1.401825e+02,   0.000000e+00,   3.105003e+01,   0.000000e+00,   3.279023e+01,   0.000000e+00,   7.625017e+00,   0.000000e+00,   9.387840e+00,   0.000000e+00,              3,              0,       1 meters
  16/08/2023 17:18:15.707,   3.303652e+00,   0.000000e+00,   1.919554e+04,   0.000000e+00,   5.133862e+02,   0.000000e+00,   3.368309e+00,   0.000000e+00,   5.234338e+02,   0.000000e+00,   1.401466e+02,   0.000000e+00,   3.105027e+01,   0.000000e+00,   3.279288e+01,   0.000000e+00,   7.622810e+00,   0.000000e+00,   9.390210e+00,   0.000000e+00,              3,              0,       1 meters
  16/08/2023 17:18:16.683,   3.320262e+00,   0.000000e+00,   1.919519e+04,   0.000000e+00,   5.140917e+02,   0.000000e+00,   3.385242e+00,   0.000000e+00,   5.241529e+02,   0.000000e+00,   1.401859e+02,   0.000000e+00,   3.104934e+01,   0.000000e+00,   3.279248e+01,   0.000000e+00,   7.622306e+00,   0.000000e+00,   9.384885e+00,   0.000000e+00,              3,              0,       1 meters
  16/08/2023 17:18:17.660,   3.335935e+00,   0.000000e+00,   1.928926e+04,   0.000000e+00,   5.156844e+02,   0.000000e+00,   3.401548e+00,   0.000000e+00,   5.258272e+02,   0.000000e+00,   1.401311e+02,   0.000000e+00,   3.104991e+01,   0.000000e+00,   3.279292e+01,   0.000000e+00,   7.627047e+00,   0.000000e+00,   9.394271e+00,   0.000000e+00,              3,              0,       1 meters
  16/08/2023 17:18:18.637,   3.364500e+00,   0.000000e+00,   1.925242e+04,   0.000000e+00,   5.174388e+02,   0.000000e+00,   3.430547e+00,   0.000000e+00,   5.275963e+02,   0.000000e+00,   1.401682e+02,   0.000000e+00,   3.104863e+01,   0.000000e+00,   3.278873e+01,   0.000000e+00,   7.624580e+00,   0.000000e+00,   9.384388e+00,   0.000000e+00,              3,              0,       1 meters
  16/08/2023 17:18:19.614,   3.398116e+00,   0.000000e+00,   1.928795e+04,   0.000000e+00,   5.206983e+02,   0.000000e+00,   3.464947e+00,   0.000000e+00,   5.309390e+02,   0.000000e+00,   1.401354e+02,   0.000000e+00,   3.104839e+01,   0.000000e+00,   3.279020e+01,   0.000000e+00,   7.627052e+00,   0.000000e+00,   9.391066e+00,   0.000000e+00,              3,              0,       1 meters
  16/08/2023 17:18:20.591,   3.415120e+00,   0.000000e+00,   1.929211e+04,   0.000000e+00,   5.209850e+02,   0.000000e+00,   3.482301e+00,   0.000000e+00,   5.312336e+02,   0.000000e+00,   1.401602e+02,   0.000000e+00,   3.104773e+01,   0.000000e+00,   3.278743e+01,   0.000000e+00,   7.624841e+00,   0.000000e+00,   9.395139e+00,   0.000000e+00,              3,              0,       1 meters
  16/08/2023 17:18:21.568,   3.434768e+00,   0.000000e+00,   1.934326e+04,   0.000000e+00,   5.222819e+02,   0.000000e+00,   3.502518e+00,   0.000000e+00,   5.325838e+02,   0.000000e+00,   1.401579e+02,   0.000000e+00,   3.104888e+01,   0.000000e+00,   3.278595e+01,   0.000000e+00,   7.621875e+00,   0.000000e+00,   9.390801e+00,   0.000000e+00,              3,              0,       1 meters
  16/08/2023 17:18:22.544,   3.455786e+00,   0.000000e+00,   1.934987e+04,   0.000000e+00,   5.242702e+02,   0.000000e+00,   3.523975e+00,   0.000000e+00,   5.346150e+02,   0.000000e+00,   1.401553e+02,   0.000000e+00,   3.104748e+01,   0.000000e+00,   3.278641e+01,   0.000000e+00,   7.625892e+00,   0.000000e+00,   9.385717e+00,   0.000000e+00,              3,              0,       1 meters
  16/08/2023 17:18:23.521,   3.481666e+00,   0.000000e+00,   1.942602e+04,   0.000000e+00,   5.261237e+02,   0.000000e+00,   3.550641e+00,   0.000000e+00,   5.365467e+02,   0.000000e+00,   1.401609e+02,   0.000000e+00,   3.104580e+01,   0.000000e+00,   3.278416e+01,   0.000000e+00,   7.628636e+00,   0.000000e+00,   9.391147e+00,   0.000000e+00,              3,              0,       1 meters
  16/08/2023 17:18:24.498,   3.498348e+00,   0.000000e+00,   1.941959e+04,   0.000000e+00,   5.275400e+02,   0.000000e+00,   3.567630e+00,   0.000000e+00,   5.379875e+02,   0.000000e+00,   1.401461e+02,   0.000000e+00,   3.104649e+01,   0.000000e+00,   3.278401e+01,   0.000000e+00,   7.624147e+00,   0.000000e+00,   9.392593e+00,   0.000000e+00,              3,              0,       1 meters
  16/08/2023 17:18:25.475,   3.504278e+00,   0.000000e+00,   1.942069e+04,   0.000000e+00,   5.276053e+02,   0.000000e+00,   3.573681e+00,   0.000000e+00,   5.380547e+02,   0.000000e+00,   1.401839e+02,   0.000000e+00,   3.104610e+01,   0.000000e+00,   3.278162e+01,   0.000000e+00,   7.627376e+00,   0.000000e+00,   9.394275e+00,   0.000000e+00,              3,              0,       1 meters
  16/08/2023 17:18:26.452,   3.518434e+00,   0.000000e+00,   1.949849e+04,   0.000000e+00,   5.286698e+02,   0.000000e+00,   3.588402e+00,   0.000000e+00,   5.391831e+02,   0.000000e+00,   1.401452e+02,   0.000000e+00,   3.104649e+01,   0.000000e+00,   3.278246e+01,   0.000000e+00,   7.623374e+00,   0.000000e+00,   9.385715e+00,   0.000000e+00,              3,              0,       1 meters
  16/08/2023 17:18:27.429,   3.534854e+00,   0.000000e+00,   1.944272e+04,   0.000000e+00,   5.301645e+02,   0.000000e+00,   3.604943e+00,   0.000000e+00,   5.406767e+02,   0.000000e+00,   1.401684e+02,   0.000000e+00,   3.104618e+01,   0.000000e+00,   3.278187e+01,   0.000000e+00,   7.625099e+00,   0.000000e+00,   9.396841e+00,   0.000000e+00,              3,              0,       1 meters
  16/08/2023 17:18:28.406,   3.557629e+00,   0.000000e+00,   1.948112e+04,   0.000000e+00,   5.318291e+02,   0.000000e+00,   3.628313e+00,   0.000000e+00,   5.423956e+02,   0.000000e+00,   1.401295e+02,   0.000000e+00,   3.104470e+01,   0.000000e+00,   3.278291e+01,   0.000000e+00,   7.622759e+00,   0.000000e+00,   9.389763e+00,   0.000000e+00,              3,              0,       1 meters
  16/08/2023 17:18:29.383,   3.589042e+00,   0.000000e+00,   1.946932e+04,   0.000000e+00,   5.340879e+02,   0.000000e+00,   3.660306e+00,   0.000000e+00,   5.446927e+02,   0.000000e+00,   1.401686e+02,   0.000000e+00,   3.104523e+01,   0.000000e+00,   3.278316e+01,   0.000000e+00,   7.623542e+00,   0.000000e+00,   9.391807e+00,   0.000000e+00,              3,              0,       1 meters
  16/08/2023 17:18:30.360,   3.607119e+00,   0.000000e+00,   1.950534e+04,   0.000000e+00,   5.352288e+02,   0.000000e+00,   3.678877e+00,   0.000000e+00,   5.458763e+02,   0.000000e+00,   1.401590e+02,   0.000000e+00,   3.104444e+01,   0.000000e+00,   3.278478e+01,   0.000000e+00,   7.622845e+00,   0.000000e+00,   9.387149e+00,   0.000000e+00,              3,              0,       1 meters
  16/08/2023 17:18:31.337,   3.618096e+00,   0.000000e+00,   1.951745e+04,   0.000000e+00,   5.360672e+02,   0.000000e+00,   3.690118e+00,   0.000000e+00,   5.467381e+02,   0.000000e+00,   1.401614e+02,   0.000000e+00,   3.104402e+01,   0.000000e+00,   3.278652e+01,   0.000000e+00,   7.625513e+00,   0.000000e+00,   9.387533e+00,   0.000000e+00,              3,              0,       1 meters
  16/08/2023 17:18:32.314,   3.631372e+00,   0.000000e+00,   1.953863e+04,   0.000000e+00,   5.368282e+02,   0.000000e+00,   3.703738e+00,   0.000000e+00,   5.475261e+02,   0.000000e+00,   1.401593e+02,   0.000000e+00,   3.104346e+01,   0.000000e+00,   3.278828e+01,   0.000000e+00,   7.624737e+00,   0.000000e+00,   9.390202e+00,   0.000000e+00,              3,              0,       1 meters
  16/08/2023 17:18:33.290,   3.648951e+00,   0.000000e+00,   1.958532e+04,   0.000000e+00,   5.379257e+02,   0.000000e+00,   3.721845e+00,   0.000000e+00,   5.486716e+02,   0.000000e+00,   1.401446e+02,   0.000000e+00,   3.104265e+01,   0.000000e+00,   3.278899e+01,   0.000000e+00,   7.624198e+00,   0.000000e+00,   9.386432e+00,   0.000000e+00,              3,              0,       1 meters
  16/08/2023 17:18:34.267,   3.676760e+00,   0.000000e+00,   1.958354e+04,   0.000000e+00,   5.402434e+02,   0.000000e+00,   3.750202e+00,   0.000000e+00,   5.510346e+02,   0.000000e+00,   1.401837e+02,   0.000000e+00,   3.104175e+01,   0.000000e+00,   3.278664e+01,   0.000000e+00,   7.625976e+00,   0.000000e+00,   9.388959e+00,   0.000000e+00,              3,              0,       1 meters
  16/08/2023 17:18:35.245,   3.699592e+00,   0.000000e+00,   1.951868e+04,   0.000000e+00,   5.416066e+02,   0.000000e+00,   3.773241e+00,   0.000000e+00,   5.523885e+02,   0.000000e+00,   1.401455e+02,   0.000000e+00,   3.104222e+01,   0.000000e+00,   3.278647e+01,   0.000000e+00,   7.625034e+00,   0.000000e+00,   9.391325e+00,   0.000000e+00,              3,              0,       1 meters
  16/08/2023 17:18:36.221,   3.721695e+00,   0.000000e+00,   1.956897e+04,   0.000000e+00,   5.429567e+02,   0.000000e+00,   3.795979e+00,   0.000000e+00,   5.537939e+02,   0.000000e+00,   1.401853e+02,   0.000000e+00,   3.104309e+01,   0.000000e+00,   3.278396e+01,   0.000000e+00,   7.623721e+00,   0.000000e+00,   9.390642e+00,   0.000000e+00,              3,              0,       1 meters
  16/08/2023 17:18:37.198,   3.744236e+00,   0.000000e+00,   1.959374e+04,   0.000000e+00,   5.448035e+02,   0.000000e+00,   3.819066e+00,   0.000000e+00,   5.556916e+02,   0.000000e+00,   1.401329e+02,   0.000000e+00,   3.104345e+01,   0.000000e+00,   3.278508e+01,   0.000000e+00,   7.625073e+00,   0.000000e+00,   9.393026e+00,   0.000000e+00,              3,              0,       1 meters
  16/08/2023 17:18:38.176,   3.764969e+00,   0.000000e+00,   1.962503e+04,   0.000000e+00,   5.461252e+02,   0.000000e+00,   3.840335e+00,   0.000000e+00,   5.570575e+02,   0.000000e+00,   1.401682e+02,   0.000000e+00,   3.104205e+01,   0.000000e+00,   3.278152e+01,   0.000000e+00,   7.623453e+00,   0.000000e+00,   9.386119e+00,   0.000000e+00,              3,              0,       1 meters
  16/08/2023 17:18:39.154,   3.779101e+00,   0.000000e+00,   1.961184e+04,   0.000000e+00,   5.469025e+02,   0.000000e+00,   3.854699e+00,   0.000000e+00,   5.578428e+02,   0.000000e+00,   1.401380e+02,   0.000000e+00,   3.104181e+01,   0.000000e+00,   3.277920e+01,   0.000000e+00,   7.622810e+00,   0.000000e+00,   9.384785e+00,   0.000000e+00,              3,              0,       1 meters
  16/08/2023 17:18:40.130,   3.784149e+00,   0.000000e+00,   1.959252e+04,   0.000000e+00,   5.479509e+02,   0.000000e+00,   3.859772e+00,   0.000000e+00,   5.589011e+02,   0.000000e+00,   1.401670e+02,   0.000000e+00,   3.104242e+01,   0.000000e+00,   3.277740e+01,   0.000000e+00,   7.624149e+00,   0.000000e+00,   9.391024e+00,   0.000000e+00,              3,              0,       1 meters
  16/08/2023 17:18:41.106,   3.792898e+00,   0.000000e+00,   1.964458e+04,   0.000000e+00,   5.476906e+02,   0.000000e+00,   3.868901e+00,   0.000000e+00,   5.586654e+02,   0.000000e+00,   1.401597e+02,   0.000000e+00,   3.104075e+01,   0.000000e+00,   3.277666e+01,   0.000000e+00,   7.626772e+00,   0.000000e+00,   9.393120e+00,   0.000000e+00,              3,              0,       1 meters
  16/08/2023 17:18:42.082,   3.806028e+00,   0.000000e+00,   1.969422e+04,   0.000000e+00,   5.492317e+02,   0.000000e+00,   3.882490e+00,   0.000000e+00,   5.602657e+02,   0.000000e+00,   1.401498e+02,   0.000000e+00,   3.104069e+01,   0.000000e+00,   3.277605e+01,   0.000000e+00,   7.624416e+00,   0.000000e+00,   9.382780e+00,   0.000000e+00,              3,              0,       1 meters
  16/08/2023 17:18:43.059,   3.829223e+00,   0.000000e+00,   1.966697e+04,   0.000000e+00,   5.506990e+02,   0.000000e+00,   3.906043e+00,   0.000000e+00,   5.617469e+02,   0.000000e+00,   1.401621e+02,   0.000000e+00,   3.104046e+01,   0.000000e+00,   3.277264e+01,   0.000000e+00,   7.625904e+00,   0.000000e+00,   9.392270e+00,   0.000000e+00,              3,              0,       1 meters
  16/08/2023 17:18:44.036,   3.841083e+00,   0.000000e+00,   1.973759e+04,   0.000000e+00,   5.520948e+02,   0.000000e+00,   3.918423e+00,   0.000000e+00,   5.632112e+02,   0.000000e+00,   1.401464e+02,   0.000000e+00,   3.104016e+01,   0.000000e+00,   3.277481e+01,   0.000000e+00,   7.625283e+00,   0.000000e+00,   9.397018e+00,   0.000000e+00,              3,              0,       1 meters
  16/08/2023 17:18:45.014,   3.858989e+00,   0.000000e+00,   1.967975e+04,   0.000000e+00,   5.532394e+02,   0.000000e+00,   3.936457e+00,   0.000000e+00,   5.643456e+02,   0.000000e+00,   1.401893e+02,   0.000000e+00,   3.103830e+01,   0.000000e+00,   3.277383e+01,   0.000000e+00,   7.626202e+00,   0.000000e+00,   9.392425e+00,   0.000000e+00,              3,              0,       1 meters
  16/08/2023 17:18:45.991,   3.879388e+00,   0.000000e+00,   1.969906e+04,   0.000000e+00,   5.545470e+02,   0.000000e+00,   3.957344e+00,   0.000000e+00,   5.656906e+02,   0.000000e+00,   1.401474e+02,   0.000000e+00,   3.103947e+01,   0.000000e+00,   3.277534e+01,   0.000000e+00,   7.625944e+00,   0.000000e+00,   9.390380e+00,   0.000000e+00,              3,              0,       1 meters
  16/08/2023 17:18:46.968,   3.906964e+00,   0.000000e+00,   1.971219e+04,   0.000000e+00,   5.572390e+02,   0.000000e+00,   3.985528e+00,   0.000000e+00,   5.684443e+02,   0.000000e+00,   1.401678e+02,   0.000000e+00,   3.103912e+01,   0.000000e+00,   3.277601e+01,   0.000000e+00,   7.623659e+00,   0.000000e+00,   9.381359e+00,   0.000000e+00,              3,              0,       1 meters
  16/08/2023 17:18:47.945,   3.946654e+00,   0.000000e+00,   1.975543e+04,   0.000000e+00,   5.595354e+02,   0.000000e+00,   4.026193e+00,   0.000000e+00,   5.708120e+02,   0.000000e+00,   1.401479e+02,   0.000000e+00,   3.103873e+01,   0.000000e+00,   3.277837e+01,   0.000000e+00,   7.625467e+00,   0.000000e+00,   9.392685e+00,   0.000000e+00,              3,              0,       1 meters
  16/08/2023 17:18:48.921,   3.969699e+00,   0.000000e+00,   1.983954e+04,   0.000000e+00,   5.619725e+02,   0.000000e+00,   4.050050e+00,   0.000000e+00,   5.733475e+02,   0.000000e+00,   1.401660e+02,   0.000000e+00,   3.103769e+01,   0.000000e+00,   3.277726e+01,   0.000000e+00,   7.622270e+00,   0.000000e+00,   9.384758e+00,   0.000000e+00,              3,              0,       1 meters
  16/08/2023 17:18:49.898,   3.988197e+00,   0.000000e+00,   1.986944e+04,   0.000000e+00,   5.626699e+02,   0.000000e+00,   4.069047e+00,   0.000000e+00,   5.740765e+02,   0.000000e+00,   1.401637e+02,   0.000000e+00,   3.103841e+01,   0.000000e+00,   3.277504e+01,   0.000000e+00,   7.624804e+00,   0.000000e+00,   9.393029e+00,   0.000000e+00,              3,              0,       1 meters
  16/08/2023 17:18:50.877,   4.017185e+00,   0.000000e+00,   1.977654e+04,   0.000000e+00,   5.654936e+02,   0.000000e+00,   4.098234e+00,   0.000000e+00,   5.769028e+02,   0.000000e+00,   1.401361e+02,   0.000000e+00,   3.103761e+01,   0.000000e+00,   3.277537e+01,   0.000000e+00,   7.623332e+00,   0.000000e+00,   9.387995e+00,   0.000000e+00,              3,              0,       1 meters
  16/08/2023 17:18:51.852,   4.044831e+00,   0.000000e+00,   1.997777e+04,   0.000000e+00,   5.666070e+02,   0.000000e+00,   4.127285e+00,   0.000000e+00,   5.781573e+02,   0.000000e+00,   1.401651e+02,   0.000000e+00,   3.103768e+01,   0.000000e+00,   3.277215e+01,   0.000000e+00,   7.625211e+00,   0.000000e+00,   9.394950e+00,   0.000000e+00,              3,              0,       1 meters
  16/08/2023 17:18:52.829,   4.068312e+00,   0.000000e+00,   2.004727e+04,   0.000000e+00,   5.690569e+02,   0.000000e+00,   4.151539e+00,   0.000000e+00,   5.806983e+02,   0.000000e+00,   1.401330e+02,   0.000000e+00,   3.103621e+01,   0.000000e+00,   3.277357e+01,   0.000000e+00,   7.624913e+00,   0.000000e+00,   9.383790e+00,   0.000000e+00,              3,              0,       1 meters
  16/08/2023 17:18:53.806,   4.075049e+00,   0.000000e+00,   2.005303e+04,   0.000000e+00,   5.691227e+02,   0.000000e+00,   4.158438e+00,   0.000000e+00,   5.807689e+02,   0.000000e+00,   1.401912e+02,   0.000000e+00,   3.103640e+01,   0.000000e+00,   3.277136e+01,   0.000000e+00,   7.625817e+00,   0.000000e+00,   9.391403e+00,   0.000000e+00,              3,              0,       1 meters
  16/08/2023 17:18:54.782,   4.082930e+00,   0.000000e+00,   2.004654e+04,   0.000000e+00,   5.695553e+02,   0.000000e+00,   4.166453e+00,   0.000000e+00,   5.812065e+02,   0.000000e+00,   1.401477e+02,   0.000000e+00,   3.103492e+01,   0.000000e+00,   3.277072e+01,   0.000000e+00,   7.627515e+00,   0.000000e+00,   9.388242e+00,   0.000000e+00,              3,              0,       1 meters
  16/08/2023 17:18:55.759,   4.092731e+00,   0.000000e+00,   1.997040e+04,   0.000000e+00,   5.711056e+02,   0.000000e+00,   4.176130e+00,   0.000000e+00,   5.827432e+02,   0.000000e+00,   1.401921e+02,   0.000000e+00,   3.103524e+01,   0.000000e+00,   3.276819e+01,   0.000000e+00,   7.623726e+00,   0.000000e+00,   9.381654e+00,   0.000000e+00,              3,              0,       1 meters
  16/08/2023 17:18:56.736,   4.114006e+00,   0.000000e+00,   2.000168e+04,   0.000000e+00,   5.714931e+02,   0.000000e+00,   4.197973e+00,   0.000000e+00,   5.831572e+02,   0.000000e+00,   1.401528e+02,   0.000000e+00,   3.103502e+01,   0.000000e+00,   3.276871e+01,   0.000000e+00,   7.629248e+00,   0.000000e+00,   9.397474e+00,   0.000000e+00,              3,              0,       1 meters
  16/08/2023 17:18:57.713,   4.131783e+00,   0.000000e+00,   2.001903e+04,   0.000000e+00,   5.730551e+02,   0.000000e+00,   4.216187e+00,   0.000000e+00,   5.847615e+02,   0.000000e+00,   1.401622e+02,   0.000000e+00,   3.103511e+01,   0.000000e+00,   3.276845e+01,   0.000000e+00,   7.624678e+00,   0.000000e+00,   9.387103e+00,   0.000000e+00,              3,              0,       1 meters
  16/08/2023 17:18:58.690,   4.155193e+00,   0.000000e+00,   2.003542e+04,   0.000000e+00,   5.748132e+02,   0.000000e+00,   4.240146e+00,   0.000000e+00,   5.865652e+02,   0.000000e+00,   1.401548e+02,   0.000000e+00,   3.103439e+01,   0.000000e+00,   3.276790e+01,   0.000000e+00,   7.625319e+00,   0.000000e+00,   9.389126e+00,   0.000000e+00,              3,              0,       1 meters
  16/08/2023 17:18:59.667,   4.183096e+00,   0.000000e+00,   2.009259e+04,   0.000000e+00,   5.776772e+02,   0.000000e+00,   4.268868e+00,   0.000000e+00,   5.895222e+02,   0.000000e+00,   1.401617e+02,   0.000000e+00,   3.103393e+01,   0.000000e+00,   3.276833e+01,   0.000000e+00,   7.627561e+00,   0.000000e+00,   9.386001e+00,   0.000000e+00,              3,              0,       1 meters
  16/08/2023 17:19:00.644,   4.213098e+00,   0.000000e+00,   2.010392e+04,   0.000000e+00,   5.791560e+02,   0.000000e+00,   4.299536e+00,   0.000000e+00,   5.910382e+02,   0.000000e+00,   1.401643e+02,   0.000000e+00,   3.103497e+01,   0.000000e+00,   3.276898e+01,   0.000000e+00,   7.623293e+00,   0.000000e+00,   9.387333e+00,   0.000000e+00,              3,              0,       1 meters
  16/08/2023 17:19:01.621,   4.231279e+00,   0.000000e+00,   2.015154e+04,   0.000000e+00,   5.807960e+02,   0.000000e+00,   4.318300e+00,   0.000000e+00,   5.927407e+02,   0.000000e+00,   1.401282e+02,   0.000000e+00,   3.103380e+01,   0.000000e+00,   3.277089e+01,   0.000000e+00,   7.622827e+00,   0.000000e+00,   9.381968e+00,   0.000000e+00,              3,              0,       1 meters
  16/08/2023 17:19:02.598,   4.248792e+00,   0.000000e+00,   2.019726e+04,   0.000000e+00,   5.821755e+02,   0.000000e+00,   4.336375e+00,   0.000000e+00,   5.941762e+02,   0.000000e+00,   1.401650e+02,   0.000000e+00,   3.103318e+01,   0.000000e+00,   3.276913e+01,   0.000000e+00,   7.623723e+00,   0.000000e+00,   9.387836e+00,   0.000000e+00,              3,              0,       1 meters
  16/08/2023 17:19:03.574,   4.268508e+00,   0.000000e+00,   2.024596e+04,   0.000000e+00,   5.832223e+02,   0.000000e+00,   4.356714e+00,   0.000000e+00,   5.952742e+02,   0.000000e+00,   1.401501e+02,   0.000000e+00,   3.103305e+01,   0.000000e+00,   3.276866e+01,   0.000000e+00,   7.625189e+00,   0.000000e+00,   9.379557e+00,   0.000000e+00,              3,              0,       1 meters
  16/08/2023 17:19:04.551,   4.278310e+00,   0.000000e+00,   2.027002e+04,   0.000000e+00,   5.842481e+02,   0.000000e+00,   4.366825e+00,   0.000000e+00,   5.963358e+02,   0.000000e+00,   1.401907e+02,   0.000000e+00,   3.103174e+01,   0.000000e+00,   3.276648e+01,   0.000000e+00,   7.622357e+00,   0.000000e+00,   9.389906e+00,   0.000000e+00,              3,              0,       1 meters
  16/08/2023 17:19:05.528,   4.285314e+00,   0.000000e+00,   2.020894e+04,   0.000000e+00,   5.845477e+02,   0.000000e+00,   4.373702e+00,   0.000000e+00,   5.966045e+02,   0.000000e+00,   1.401504e+02,   0.000000e+00,   3.103139e+01,   0.000000e+00,   3.276806e+01,   0.000000e+00,   7.631022e+00,   0.000000e+00,   9.390949e+00,   0.000000e+00,              3,              0,       1 meters
  16/08/2023 17:19:06.505,   4.294428e+00,   0.000000e+00,   2.019836e+04,   0.000000e+00,   5.855661e+02,   0.000000e+00,   4.382956e+00,   0.000000e+00,   5.976374e+02,   0.000000e+00,   1.401606e+02,   0.000000e+00,   3.103017e+01,   0.000000e+00,   3.276782e+01,   0.000000e+00,   7.625305e+00,   0.000000e+00,   9.384531e+00,   0.000000e+00,              3,              0,       1 meters
  16/08/2023 17:19:07.482,   4.313973e+00,   0.000000e+00,   2.017152e+04,   0.000000e+00,   5.867803e+02,   0.000000e+00,   4.402784e+00,   0.000000e+00,   5.988602e+02,   0.000000e+00,   1.401602e+02,   0.000000e+00,   3.103009e+01,   0.000000e+00,   3.276758e+01,   0.000000e+00,   7.625699e+00,   0.000000e+00,   9.385611e+00,   0.000000e+00,              3,              0,       1 meters
  16/08/2023 17:19:08.459,   4.335901e+00,   0.000000e+00,   2.022186e+04,   0.000000e+00,   5.882959e+02,   0.000000e+00,   4.425391e+00,   0.000000e+00,   6.004378e+02,   0.000000e+00,   1.401590e+02,   0.000000e+00,   3.102975e+01,   0.000000e+00,   3.276663e+01,   0.000000e+00,   7.627777e+00,   0.000000e+00,   9.393622e+00,   0.000000e+00,              3,              0,       1 meters
  16/08/2023 17:19:09.436,   4.360049e+00,   0.000000e+00,   2.027024e+04,   0.000000e+00,   5.905033e+02,   0.000000e+00,   4.450257e+00,   0.000000e+00,   6.027206e+02,   0.000000e+00,   1.401695e+02,   0.000000e+00,   3.102990e+01,   0.000000e+00,   3.276715e+01,   0.000000e+00,   7.626878e+00,   0.000000e+00,   9.384532e+00,   0.000000e+00,              3,              0,       1 meters
  16/08/2023 17:19:10.413,   4.377410e+00,   0.000000e+00,   2.017556e+04,   0.000000e+00,   5.911749e+02,   0.000000e+00,   4.467546e+00,   0.000000e+00,   6.033477e+02,   0.000000e+00,   1.401254e+02,   0.000000e+00,   3.103003e+01,   0.000000e+00,   3.276730e+01,   0.000000e+00,   7.626537e+00,   0.000000e+00,   9.397154e+00,   0.000000e+00,              3,              0,       1 meters
  16/08/2023 17:19:11.390,   4.386219e+00,   0.000000e+00,   2.022087e+04,   0.000000e+00,   5.919795e+02,   0.000000e+00,   4.476742e+00,   0.000000e+00,   6.041969e+02,   0.000000e+00,   1.401671e+02,   0.000000e+00,   3.102861e+01,   0.000000e+00,   3.276242e+01,   0.000000e+00,   7.623415e+00,   0.000000e+00,   9.390703e+00,   0.000000e+00,              3,              0,       1 meters
  16/08/2023 17:19:12.367,   4.393806e+00,   0.000000e+00,   2.024004e+04,   0.000000e+00,   5.926674e+02,   0.000000e+00,   4.484574e+00,   0.000000e+00,   6.049108e+02,   0.000000e+00,   1.401242e+02,   0.000000e+00,   3.102789e+01,   0.000000e+00,   3.276461e+01,   0.000000e+00,   7.628366e+00,   0.000000e+00,   9.395843e+00,   0.000000e+00,              3,              0,       1 meters
  16/08/2023 17:19:13.343,   4.412819e+00,   0.000000e+00,   2.012909e+04,   0.000000e+00,   5.947249e+02,   0.000000e+00,   4.503470e+00,   0.000000e+00,   6.069420e+02,   0.000000e+00,   1.401839e+02,   0.000000e+00,   3.102684e+01,   0.000000e+00,   3.276278e+01,   0.000000e+00,   7.627998e+00,   0.000000e+00,   9.389526e+00,   0.000000e+00,              3,              0,       1 meters
  16/08/2023 17:19:14.321,   4.444838e+00,   0.000000e+00,   2.020995e+04,   0.000000e+00,   5.964818e+02,   0.000000e+00,   4.536521e+00,   0.000000e+00,   6.087853e+02,   0.000000e+00,   1.401556e+02,   0.000000e+00,   3.102618e+01,   0.000000e+00,   3.276339e+01,   0.000000e+00,   7.626032e+00,   0.000000e+00,   9.394740e+00,   0.000000e+00,              3,              0,       1 meters
  16/08/2023 17:19:15.297,   4.474594e+00,   0.000000e+00,   2.031587e+04,   0.000000e+00,   5.990752e+02,   0.000000e+00,   4.567385e+00,   0.000000e+00,   6.114983e+02,   0.000000e+00,   1.401777e+02,   0.000000e+00,   3.102597e+01,   0.000000e+00,   3.276177e+01,   0.000000e+00,   7.629894e+00,   0.000000e+00,   9.404672e+00,   0.000000e+00,              3,              0,       1 meters
  16/08/2023 17:19:16.278,   4.437695e+00,   0.000000e+00,   2.025690e+04,   0.000000e+00,   5.975193e+02,   0.000000e+00,   4.529448e+00,   0.000000e+00,   6.098734e+02,   0.000000e+00,   1.401549e+02,   0.000000e+00,   3.102653e+01,   0.000000e+00,   3.276224e+01,   0.000000e+00,   7.622671e+00,   0.000000e+00,   9.390262e+00,   0.000000e+00,              3,              0,       1 meters
  16/08/2023 17:19:17.251,   4.231778e+00,   0.000000e+00,   2.032435e+04,   0.000000e+00,   5.961691e+02,   0.000000e+00,   4.319571e+00,   0.000000e+00,   6.085372e+02,   0.000000e+00,   1.401516e+02,   0.000000e+00,   3.102644e+01,   0.000000e+00,   3.276311e+01,   0.000000e+00,   7.628329e+00,   0.000000e+00,   9.391642e+00,   0.000000e+00,              3,              0,       1 meters
  16/08/2023 17:19:18.228,   3.945833e+00,   0.000000e+00,   2.012119e+04,   0.000000e+00,   5.974068e+02,   0.000000e+00,   4.026859e+00,   0.000000e+00,   6.096741e+02,   0.000000e+00,   1.401755e+02,   0.000000e+00,   3.102528e+01,   0.000000e+00,   3.276276e+01,   0.000000e+00,   7.623722e+00,   0.000000e+00,   9.399387e+00,   0.000000e+00,              3,              0,       1 meters
  16/08/2023 17:19:19.205,   3.691761e+00,   0.000000e+00,   1.979496e+04,   0.000000e+00,   5.983078e+02,   0.000000e+00,   3.766315e+00,   0.000000e+00,   6.103905e+02,   0.000000e+00,   1.401497e+02,   0.000000e+00,   3.102515e+01,   0.000000e+00,   3.276449e+01,   0.000000e+00,   7.626326e+00,   0.000000e+00,   9.392963e+00,   0.000000e+00,              3,              0,       1 meters
  16/08/2023 17:19:20.182,   3.469957e+00,   0.000000e+00,   1.960799e+04,   0.000000e+00,   5.988338e+02,   0.000000e+00,   3.539357e+00,   0.000000e+00,   6.108106e+02,   0.000000e+00,   1.401671e+02,   0.000000e+00,   3.102479e+01,   0.000000e+00,   3.276103e+01,   0.000000e+00,   7.626152e+00,   0.000000e+00,   9.389016e+00,   0.000000e+00,              3,              0,       1 meters
